  -6.2977000e-01
  -5.6707800e-01
  -4.9763800e-01
  -4.2485400e-01
  -3.5111400e-01
  -2.7733300e-01
  -2.0348600e-01
  -1.2952800e-01
  -5.5609400e-02
   1.7748700e-02
   8.8485100e-02
   1.4781100e-01
   1.6213200e-01
   4.6962900e-02
  -2.3016000e-01
  -4.7847500e-01
  -5.6256500e-01
  -5.1777200e-01
  -4.4413500e-01
  -3.6949000e-01
  -2.9490100e-01
  -2.2054700e-01
  -1.4640100e-01
  -7.2419400e-02
   1.4433500e-03
   7.5235500e-02
   1.4900000e-01
   2.2275200e-01
   2.9640000e-01
   3.6945200e-01
   4.3978600e-01
   4.9826600e-01
   5.1018400e-01
   3.8987600e-01
   1.1021100e-01
  -1.3472600e-01
  -2.1427300e-01
  -1.6765700e-01
  -9.4093700e-02
  -1.9619100e-02
   5.4729700e-02
   1.2874400e-01
   2.0238600e-01
   2.7559400e-01
   3.4824800e-01
   4.2013800e-01
   4.9089900e-01
   5.5991300e-01
   6.2612700e-01
   6.8762000e-01
   7.4020500e-01
   7.7174300e-01
   7.4312900e-01
   5.6404000e-01
   2.0998500e-01
  -1.2249800e-01
  -3.0415100e-01
  -3.7096500e-01
  -4.1294800e-01
  -4.4722900e-01
  -4.6956100e-01
  -4.7670100e-01
  -4.6684200e-01
  -4.3977800e-01
  -3.9693300e-01
  -3.4113100e-01
  -2.7600000e-01
  -2.0527400e-01
  -1.3220900e-01
  -5.9245800e-02
   1.0817300e-02
   6.8165800e-02
   7.5759600e-02
  -5.4286200e-02
  -3.3785100e-01
  -5.7516000e-01
  -6.4519000e-01
  -5.9466500e-01
  -5.2073200e-01
  -4.4597700e-01
  -3.7132800e-01
  -2.9692000e-01
  -2.2272200e-01
  -1.4869100e-01
  -7.4781300e-02
  -9.4473200e-04
   7.2860600e-02
   1.4664500e-01
   2.2030100e-01
   2.9327200e-01
   3.6316600e-01
   4.1970500e-01
   4.2467700e-01
   2.8930400e-01
   3.6653900e-03
  -2.3008000e-01
  -2.9577600e-01
  -2.4376000e-01
  -1.6996700e-01
  -9.5377000e-02
  -2.0890500e-02
   5.3364400e-02
   1.2741100e-01
   2.0127800e-01
   2.7498900e-01
   3.4855900e-01
   4.2198000e-01
   4.9517900e-01
   5.6792000e-01
   6.3943000e-01
   7.0691000e-01
   7.5919500e-01
   7.5611300e-01
   6.0690600e-01
   3.0615500e-01
   5.5853300e-02
  -3.5627300e-02
  -2.5571200e-02
  -1.2044400e-02
  -1.6754100e-02
  -3.9802900e-02
  -7.6399700e-02
  -1.1871600e-01
  -1.5868400e-01
  -1.8980400e-01
  -2.0751400e-01
  -2.0898900e-01
  -1.9303300e-01
  -1.6020500e-01
  -1.1314400e-01
  -5.7690200e-02
  -8.7353900e-03
  -1.0565600e-02
  -1.5637000e-01
  -4.4505500e-01
  -6.7084200e-01
  -7.2735000e-01
  -6.7191700e-01
  -5.9776200e-01
  -5.2289100e-01
  -4.4816200e-01
  -3.7367600e-01
  -2.9940100e-01
  -2.2529400e-01
  -1.5130900e-01
  -7.7400100e-02
  -3.5253400e-03
   7.0320100e-02
   1.4401000e-01
   2.1691700e-01
   2.8634000e-01
   3.4073000e-01
   3.3813200e-01
   1.8744500e-01
  -1.0245500e-01
  -3.2422200e-01
  -3.7648100e-01
  -3.1984600e-01
  -2.4593100e-01
  -1.7132200e-01
  -9.6847400e-02
  -2.2593500e-02
   5.1472900e-02
   1.2539300e-01
   1.9920900e-01
   2.7296500e-01
   3.4669400e-01
   4.2038900e-01
   4.9389900e-01
   5.6654700e-01
   6.3548200e-01
   6.8863900e-01
   6.8267100e-01
   5.2576500e-01
   2.3313500e-01
   1.2852500e-02
  -3.9234500e-02
   1.2179400e-02
   7.5853700e-02
   1.3470200e-01
   1.8545900e-01
   2.2493900e-01
   2.4964800e-01
   2.5642000e-01
   2.4392800e-01
   2.1448500e-01
   1.7436500e-01
   1.3175600e-01
   9.4086200e-02
   6.6406500e-02
   4.9641200e-02
   3.3507100e-02
  -2.5971600e-02
  -2.2196200e-01
  -5.3486300e-01
  -7.5900900e-01
  -8.0675000e-01
  -7.4841300e-01
  -6.7450700e-01
  -5.9988200e-01
  -5.2531100e-01
  -4.5084600e-01
  -3.7651800e-01
  -3.0232900e-01
  -2.2825200e-01
  -1.5424800e-01
  -8.0278800e-02
  -6.3472200e-03
   6.7399600e-02
   1.4025400e-01
   2.0916800e-01
   2.6117500e-01
   2.5035500e-01
   8.4260800e-02
  -2.0815100e-01
  -4.1723400e-01
  -4.5651700e-01
  -3.9595700e-01
  -3.2193100e-01
  -2.4729700e-01
  -1.7282800e-01
  -9.8583800e-02
  -2.4526800e-02
   4.9385500e-02
   1.2320000e-01
   1.9696300e-01
   2.7071300e-01
   3.4444700e-01
   4.1800700e-01
   4.9065300e-01
   5.5920900e-01
   6.1019100e-01
   5.9630200e-01
   4.2487800e-01
   1.3175300e-01
  -7.3334500e-02
  -1.0895300e-01
  -4.8051200e-02
   2.4736700e-02
   9.7380000e-02
   1.6869500e-01
   2.3797300e-01
   3.0425100e-01
   3.6611300e-01
   4.2156200e-01
   4.6794100e-01
   5.0198100e-01
   5.2014000e-01
   5.1950300e-01
   4.9909300e-01
   4.5942700e-01
   3.9378100e-01
   2.6168500e-01
  -2.2612600e-02
  -4.1123300e-01
  -6.9134300e-01
  -7.8479400e-01
  -7.6720000e-01
  -7.2265300e-01
  -6.6487100e-01
  -5.9830700e-01
  -5.2671700e-01
  -4.5312000e-01
  -3.7922900e-01
  -3.0538400e-01
  -2.3146500e-01
  -1.5746800e-01
  -8.3460600e-02
  -9.6488700e-03
   6.3155500e-02
   1.3151000e-01
   1.8087200e-01
   1.6115200e-01
  -2.0260100e-02
  -3.1344200e-01
  -5.0924400e-01
  -5.3609300e-01
  -4.7224500e-01
  -3.9809300e-01
  -3.2341000e-01
  -2.4892000e-01
  -1.7465800e-01
  -1.0058600e-01
  -2.6662000e-02
   4.7162000e-02
   1.2093400e-01
   1.9469000e-01
   2.6842200e-01
   3.4195200e-01
   4.1444800e-01
   4.8233300e-01
   5.3050100e-01
   5.0743400e-01
   3.2077200e-01
   2.7530400e-02
  -1.6390800e-01
  -1.8692000e-01
  -1.2229800e-01
  -4.8324300e-02
   2.6082800e-02
   1.0016600e-01
   1.7381200e-01
   2.4693000e-01
   3.1935800e-01
   3.9082300e-01
   4.6087200e-01
   5.2877100e-01
   5.9335500e-01
   6.5277800e-01
   7.0389100e-01
   7.4002600e-01
   7.4203500e-01
   6.5354100e-01
   3.8056300e-01
  -1.1587500e-02
  -3.1025800e-01
  -4.4580200e-01
  -4.9348000e-01
  -5.2310500e-01
  -5.3840700e-01
  -5.3745300e-01
  -5.1924200e-01
  -4.8434300e-01
  -4.3489600e-01
  -3.7419100e-01
  -3.0597200e-01
  -2.3375600e-01
  -1.6019700e-01
  -8.6690000e-02
  -1.4232600e-02
   5.3346100e-02
   9.9701000e-02
   7.0337800e-02
  -1.2612200e-01
  -4.1837600e-01
  -6.0039600e-01
  -6.1540500e-01
  -5.4884700e-01
  -4.7454400e-01
  -3.9979100e-01
  -3.2525000e-01
  -2.5094100e-01
  -1.7682500e-01
  -1.0286000e-01
  -2.8996400e-02
   4.4811500e-02
   1.1859900e-01
   1.9235100e-01
   2.6586300e-01
   3.3819800e-01
   4.0531800e-01
   4.5031700e-01
   4.1727200e-01
   2.1560100e-01
  -7.6259000e-02
  -2.5385800e-01
  -2.6530900e-01
  -1.9818200e-01
  -1.2401900e-01
  -4.9418900e-02
   2.4970100e-02
   9.9122600e-02
   1.7306000e-01
   2.4679900e-01
   3.2034600e-01
   3.9368700e-01
   4.6675800e-01
   5.3938800e-01
   6.1112100e-01
   6.8060400e-01
   7.4304600e-01
   7.8000200e-01
   7.3272300e-01
   5.0970200e-01
   1.9396700e-01
  -1.5041900e-02
  -7.3849000e-02
  -7.5119300e-02
  -8.9144400e-02
  -1.1917600e-01
  -1.5927500e-01
  -2.0122600e-01
  -2.3758200e-01
  -2.6276600e-01
  -2.7306000e-01
  -2.6638500e-01
  -2.4227600e-01
  -2.0196400e-01
  -1.4835000e-01
  -8.6038600e-02
  -2.3185800e-02
   1.8701900e-02
  -2.1454900e-02
  -2.3282800e-01
  -5.2275900e-01
  -6.9072900e-01
  -6.9461900e-01
  -6.2588300e-01
  -5.5141000e-01
  -4.7656700e-01
  -4.0195100e-01
  -3.2756900e-01
  -2.5338200e-01
  -1.7934700e-01
  -1.0541600e-01
  -3.1542700e-02
   4.2305800e-02
   1.1610600e-01
   1.8962300e-01
   2.6180200e-01
   3.2808700e-01
   3.6958300e-01
   3.2583400e-01
   1.0970800e-01
  -1.7917100e-01
  -3.4261300e-01
  -3.4324900e-01
  -2.7419700e-01
  -1.9995800e-01
  -1.2535600e-01
  -5.0962800e-02
   2.3219500e-02
   9.7227100e-02
   1.7110100e-01
   2.4488200e-01
   3.1860800e-01
   3.9229900e-01
   4.6590800e-01
   5.3915900e-01
   6.1090500e-01
   6.7633100e-01
   7.1571900e-01
   6.6690100e-01
   4.4401500e-01
   1.5316900e-01
  -1.0693200e-02
  -1.6023500e-02
   4.0979400e-02
   9.6091600e-02
   1.4220500e-01
   1.7541700e-01
   1.9221400e-01
   1.9005400e-01
   1.6913400e-01
   1.3374900e-01
   9.1443000e-02
   5.0400000e-02
   1.7353200e-02
  -3.1334500e-03
  -9.1525000e-03
  -4.1892100e-03
  -8.7483100e-03
  -8.8150600e-02
  -3.2929500e-01
  -6.2253800e-01
  -7.7869900e-01
  -7.7289100e-01
  -7.0281500e-01
  -6.2848300e-01
  -5.5372000e-01
  -4.7908600e-01
  -4.0463700e-01
  -3.3036600e-01
  -2.5624100e-01
  -1.8221900e-01
  -1.0825500e-01
  -3.4319800e-02
   3.9554100e-02
   1.1309900e-01
   1.8512300e-01
   2.5049100e-01
   2.8811900e-01
   2.3293800e-01
   3.1271700e-03
  -2.8123100e-01
  -4.3025300e-01
  -4.2080100e-01
  -3.5024800e-01
  -2.7592200e-01
  -2.0132200e-01
  -1.2694100e-01
  -5.2771000e-02
   2.1227100e-02
   9.5097900e-02
   1.6888800e-01
   2.4264400e-01
   3.1639200e-01
   3.9009400e-01
   4.6346700e-01
   5.3526500e-01
   6.0012900e-01
   6.3618700e-01
   5.7680400e-01
   3.4233200e-01
   5.9365900e-02
  -8.5461200e-02
  -7.3820900e-02
  -4.4240400e-03
   6.7456600e-02
   1.3815300e-01
   2.0639400e-01
   2.7099100e-01
   3.3026400e-01
   3.8190800e-01
   4.2296300e-01
   4.4998000e-01
   4.5964300e-01
   4.5011300e-01
   4.2268200e-01
   3.8173700e-01
   3.2977300e-01
   2.5192900e-01
   8.6100900e-02
  -2.4074200e-01
  -5.9307600e-01
  -7.8667300e-01
  -8.0847900e-01
  -7.6028900e-01
  -6.9808000e-01
  -6.2847700e-01
  -5.5540800e-01
  -4.8137100e-01
  -4.0737700e-01
  -3.3342500e-01
  -2.5942900e-01
  -1.8540700e-01
  -1.1138300e-01
  -3.7419900e-02
   3.6167500e-02
   1.0803400e-01
   1.7238500e-01
   2.0574100e-01
   1.3840500e-01
  -1.0412200e-01
  -3.8252000e-01
  -5.1694900e-01
  -4.9816100e-01
  -4.2644800e-01
  -3.5200800e-01
  -2.7738500e-01
  -2.0299100e-01
  -1.2881200e-01
  -5.4806900e-02
   1.9068800e-02
   9.2863100e-02
   1.6662200e-01
   2.4037200e-01
   3.1406800e-01
   3.8739100e-01
   4.5894300e-01
   5.2269400e-01
   5.5431600e-01
   4.8258700e-01
   2.3590000e-01
  -4.0386700e-02
  -1.7011900e-01
  -1.4859800e-01
  -7.6816900e-02
  -2.6809300e-03
   7.1451100e-02
   1.4508900e-01
   2.1809000e-01
   2.9024100e-01
   3.6119200e-01
   4.3037600e-01
   4.9690300e-01
   5.5942400e-01
   6.1594700e-01
   6.6354600e-01
   6.9754200e-01
   7.0811100e-01
   6.6707500e-01
   5.0094100e-01
   1.4438000e-01
  -2.4453400e-01
  -4.8522600e-01
  -5.7022800e-01
  -5.9569800e-01
  -6.0369400e-01
  -5.9441800e-01
  -5.6797000e-01
  -5.2570500e-01
  -4.7038300e-01
  -4.0560200e-01
  -3.3507500e-01
  -2.6196500e-01
  -1.8824500e-01
  -1.1453500e-01
  -4.1119000e-02
   3.0477000e-02
   9.3655200e-02
   1.2228200e-01
   4.2094500e-02
  -2.1198300e-01
  -4.8308700e-01
  -6.0286000e-01
  -5.7551800e-01
  -5.0292100e-01
  -4.2834600e-01
  -3.5367100e-01
  -2.7923500e-01
  -2.0501700e-01
  -1.3097600e-01
  -5.7066600e-02
   1.6758800e-02
   9.0545500e-02
   1.6431800e-01
   2.3801800e-01
   3.1128600e-01
   3.8254600e-01
   4.4500200e-01
   4.7163800e-01
   3.8672800e-01
   1.2881500e-01
  -1.3983100e-01
  -2.5495000e-01
  -2.2513900e-01
  -1.5248600e-01
  -7.8039300e-02
  -3.5166800e-03
   7.0753900e-02
   1.4477300e-01
   2.1855100e-01
   2.9208200e-01
   3.6533700e-01
   4.3824000e-01
   5.1062600e-01
   5.8213400e-01
   6.5192300e-01
   7.1763200e-01
   7.7110700e-01
   7.8281300e-01
   6.7339600e-01
   3.8241200e-01
   7.3889600e-02
  -9.5609700e-02
  -1.4139000e-01
  -1.6507700e-01
  -2.0086000e-01
  -2.4260400e-01
  -2.8252600e-01
  -3.1403100e-01
  -3.3245100e-01
  -3.3485900e-01
  -3.1991900e-01
  -2.8792900e-01
  -2.4081300e-01
  -1.8182700e-01
  -1.1513500e-01
  -4.6074300e-02
   1.5157800e-02
   3.8180300e-02
  -5.5828700e-02
  -3.2030700e-01
  -5.8296600e-01
  -6.8814600e-01
  -6.5305500e-01
  -5.7979200e-01
  -5.0506700e-01
  -4.3031700e-01
  -3.5581300e-01
  -2.8152800e-01
  -2.0742300e-01
  -1.3345100e-01
  -5.9565300e-02
   1.4278700e-02
   8.8101600e-02
   1.6183300e-01
   2.3506600e-01
   3.0602200e-01
   3.6704400e-01
   3.8819600e-01
   2.8947700e-01
   2.1702500e-02
  -2.3816600e-01
  -3.3882000e-01
  -3.0163000e-01
  -2.2847100e-01
  -1.5395800e-01
  -7.9420300e-02
  -5.1064900e-03
   6.9006400e-02
   1.4295500e-01
   2.1677900e-01
   2.9051400e-01
   3.6418900e-01
   4.3779800e-01
   5.1122900e-01
   5.8399800e-01
   6.5416500e-01
   7.1362000e-01
   7.3117700e-01
   6.2512800e-01
   3.5030100e-01
   8.7173600e-02
  -1.8699700e-02
   5.3965200e-03
   5.5531200e-02
   9.6053400e-02
   1.2221000e-01
   1.3051000e-01
   1.1944400e-01
   9.1064900e-02
   5.1452100e-02
   8.8028200e-03
  -2.9185100e-02
  -5.6642600e-02
  -6.9692200e-02
  -6.6486600e-02
  -4.8254400e-02
  -2.4232800e-02
  -2.8898000e-02
  -1.4841300e-01
  -4.2640600e-01
  -6.8092200e-01
  -7.7211800e-01
  -7.3046000e-01
  -6.5696100e-01
  -5.8220300e-01
  -5.0740700e-01
  -4.3282800e-01
  -3.5846000e-01
  -2.8426800e-01
  -2.1020900e-01
  -1.3623700e-01
  -6.2309100e-02
   1.1591700e-02
   8.5380800e-02
   1.5859500e-01
   2.2923200e-01
   2.8866800e-01
   3.0381400e-01
   1.9073800e-01
  -8.5376500e-02
  -3.3539100e-01
  -4.2174200e-01
  -3.7797900e-01
  -3.0447100e-01
  -2.2991000e-01
  -1.5538500e-01
  -8.1086500e-02
  -6.9843400e-03
   6.6962500e-02
   1.4079900e-01
   2.1457200e-01
   2.8832200e-01
   3.6206100e-01
   4.3569500e-01
   5.0873300e-01
   5.7907800e-01
   6.3774000e-01
   6.5049700e-01
   5.3216600e-01
   2.5309800e-01
   5.7910600e-03
  -7.7082900e-02
  -3.3247700e-02
   3.7283200e-02
   1.0702700e-01
   1.7397700e-01
   2.3653200e-01
   2.9271600e-01
   3.3990800e-01
   3.7487500e-01
   3.9412200e-01
   3.9484900e-01
   3.7664900e-01
   3.4299400e-01
   3.0051300e-01
   2.5525700e-01
   2.0495600e-01
   1.1941800e-01
  -8.4316200e-02
  -4.2867600e-01
  -7.1780600e-01
  -8.2517900e-01
  -7.9500300e-01
  -7.2966100e-01
  -6.5794300e-01
  -5.8394900e-01
  -5.0968000e-01
  -4.3555800e-01
  -3.6147000e-01
  -2.8739400e-01
  -2.1334700e-01
  -1.3932400e-01
  -6.5326100e-02
   8.5408400e-03
   8.1751500e-02
   1.5204700e-01
   2.0972200e-01
   2.1829100e-01
   9.0402100e-02
  -1.9243400e-01
  -4.3161900e-01
  -5.0390800e-01
  -4.5433900e-01
  -3.8057000e-01
  -3.0594500e-01
  -2.3141000e-01
  -1.5710700e-01
  -8.3003100e-02
  -9.0561700e-03
   6.4779900e-02
   1.3855300e-01
   2.1230500e-01
   2.8604800e-01
   3.5967400e-01
   4.3263800e-01
   5.0258700e-01
   5.5942600e-01
   5.6548600e-01
   4.3241700e-01
   1.4754600e-01
  -8.8027800e-02
  -1.5593100e-01
  -1.0488700e-01
  -3.1454300e-02
   4.2583000e-02
   1.1618800e-01
   1.8903300e-01
   2.6083900e-01
   3.3116100e-01
   3.9929400e-01
   4.6415900e-01
   5.2417000e-01
   5.7709600e-01
   6.1992000e-01
   6.4863200e-01
   6.5734300e-01
   6.3337800e-01
   5.3879900e-01
   2.8940600e-01
  -1.1357200e-01
  -4.5884600e-01
  -6.2654100e-01
  -6.6447700e-01
  -6.6516600e-01
  -6.4761800e-01
  -6.1322800e-01
  -5.6420700e-01
  -5.0380500e-01
  -4.3576800e-01
  -3.6363000e-01
  -2.9006200e-01
  -2.1631000e-01
  -1.4250200e-01
  -6.8699500e-02
   4.4524000e-03
   7.4349600e-02
   1.3005200e-01
   1.3144000e-01
  -1.1574800e-02
  -2.9942800e-01
  -5.2693200e-01
  -5.8550600e-01
  -5.3088400e-01
  -4.5690100e-01
  -3.8219300e-01
  -3.0761900e-01
  -2.3328200e-01
  -1.5914700e-01
  -8.5172000e-02
  -1.1310200e-02
   6.2486000e-02
   1.3625800e-01
   2.1001100e-01
   2.8362300e-01
   3.5647800e-01
   4.2592400e-01
   4.8061600e-01
   4.7918300e-01
   3.3082300e-01
   4.1443500e-02
  -1.8221300e-01
  -2.3650800e-01
  -1.8054500e-01
  -1.0667000e-01
  -3.2108700e-02
   4.2286800e-02
   1.1639900e-01
   1.9022200e-01
   2.6373900e-01
   3.3690100e-01
   4.0960600e-01
   4.8166000e-01
   5.5270000e-01
   6.2202300e-01
   6.8811300e-01
   7.4691400e-01
   7.8478900e-01
   7.5659900e-01
   5.6778900e-01
   2.2723400e-01
  -6.0262600e-02
  -1.9725900e-01
  -2.4368100e-01
  -2.8389300e-01
  -3.2555400e-01
  -3.6198000e-01
  -3.8760000e-01
  -3.9860400e-01
  -3.9282000e-01
  -3.6967200e-01
  -3.3022800e-01
  -2.7704600e-01
  -2.1368000e-01
  -1.4405600e-01
  -7.2182600e-02
  -3.1679400e-03
   4.9961300e-02
   4.3269700e-02
  -1.1517000e-01
  -4.0635100e-01
  -6.2143700e-01
  -6.6672900e-01
  -6.0777200e-01
  -5.3359400e-01
  -4.5878600e-01
  -3.8414600e-01
  -3.0974700e-01
  -2.3555300e-01
  -1.6152000e-01
  -8.7603800e-02
  -1.3754900e-02
   6.0065600e-02
   1.3385800e-01
   2.0748000e-01
   2.8023500e-01
   3.4913400e-01
   4.0143500e-01
   3.9184100e-01
   2.2803300e-01
  -6.4162600e-02
  -2.7527400e-01
  -3.1654800e-01
  -2.5657600e-01
  -1.8258800e-01
  -1.0797400e-01
  -3.3516600e-02
   4.0717600e-02
   1.1475900e-01
   1.8864200e-01
   2.6240100e-01
   3.3606300e-01
   4.0963700e-01
   4.8307600e-01
   5.5615700e-01
   6.2804500e-01
   6.9544900e-01
   7.4485400e-01
   7.2917000e-01
   5.5515400e-01
   2.5447600e-01
   3.5412800e-02
  -2.0326500e-02
   1.2995200e-02
   4.6697700e-02
   6.4997000e-02
   6.4445600e-02
   4.4927300e-02
   1.0472100e-02
  -3.1504200e-02
  -7.2770500e-02
  -1.0640400e-01
  -1.2743200e-01
  -1.3270800e-01
  -1.2084300e-01
  -9.2665100e-02
  -5.3113000e-02
  -1.8972600e-02
  -4.2004200e-02
  -2.1860500e-01
  -5.1213700e-01
  -7.1456500e-01
  -7.4742500e-01
  -6.8500100e-01
  -6.1071300e-01
  -5.3582000e-01
  -4.6110300e-01
  -3.8662200e-01
  -3.1234500e-01
  -2.3823000e-01
  -1.6423200e-01
  -9.0303000e-02
  -1.6406000e-02
   5.7453600e-02
   1.3111000e-01
   2.0377800e-01
   2.7208400e-01
   3.2173800e-01
   3.0330200e-01
   1.2411000e-01
  -1.6916800e-01
  -3.6712800e-01
  -3.9592200e-01
  -3.3261300e-01
  -2.5854500e-01
  -1.8392500e-01
  -1.0948400e-01
  -3.5260300e-02
   3.8781200e-02
   1.1268300e-01
   1.8649100e-01
   2.6025000e-01
   3.3399200e-01
   4.0770400e-01
   4.8120100e-01
   5.5365200e-01
   6.2152200e-01
   6.6993000e-01
   6.4796300e-01
   4.6304900e-01
   1.6881100e-01
  -2.6180300e-02
  -5.3356200e-02
   7.1288300e-03
   7.5250500e-02
   1.4055300e-01
   2.0063700e-01
   2.5316100e-01
   2.9519100e-01
   3.2329600e-01
   3.3413600e-01
   3.2581200e-01
   2.9970200e-01
   2.6125200e-01
   2.1827400e-01
   1.7778800e-01
   1.4230700e-01
   1.0066300e-01
   3.1056600e-03
  -2.4156200e-01
  -5.7312700e-01
  -7.8597000e-01
  -8.1951200e-01
  -7.5964500e-01
  -6.8696700e-01
  -6.1249800e-01
  -5.3806700e-01
  -4.6377500e-01
  -3.8954000e-01
  -3.1537900e-01
  -2.4129700e-01
  -1.6727200e-01
  -9.3277200e-02
  -1.9327600e-02
   5.4383600e-02
   1.2697200e-01
   1.9463100e-01
   2.4135200e-01
   2.1337500e-01
   1.9054300e-02
  -2.7358900e-01
  -4.5788500e-01
  -4.7479700e-01
  -4.0873800e-01
  -3.3456900e-01
  -2.5992600e-01
  -1.8548500e-01
  -1.1126400e-01
  -3.7227400e-02
   3.6670200e-02
   1.1047500e-01
   1.8423500e-01
   2.5798500e-01
   3.3171000e-01
   4.0520700e-01
   4.7755400e-01
   5.4478700e-01
   5.9027900e-01
   5.5878900e-01
   3.5934400e-01
   6.7080100e-02
  -1.1281700e-01
  -1.2624900e-01
  -5.9886600e-02
   1.3576400e-02
   8.7074700e-02
   1.5971100e-01
   2.3108300e-01
   3.0063100e-01
   3.6748600e-01
   4.3035000e-01
   4.8736300e-01
   5.3600800e-01
   5.7307500e-01
   5.9480900e-01
   5.9719500e-01
   5.7516200e-01
   5.1433700e-01
   3.6467500e-01
   4.4313700e-02
  -3.5712000e-01
  -6.3069600e-01
  -7.2355300e-01
  -7.2238600e-01
  -6.9712400e-01
  -6.5528600e-01
  -6.0022800e-01
  -5.3557500e-01
  -4.6506200e-01
  -3.9190400e-01
  -3.1814100e-01
  -2.4436500e-01
  -1.7048700e-01
  -9.6533200e-02
  -2.2789900e-02
   4.9705500e-02
   1.1664100e-01
   1.6010700e-01
   1.2186500e-01
  -8.7120900e-02
  -3.7748000e-01
  -5.4770200e-01
  -5.5338100e-01
  -4.8509100e-01
  -4.1079000e-01
  -3.3610000e-01
  -2.6162900e-01
  -1.8738300e-01
  -1.1332300e-01
  -3.9405300e-02
   3.4417600e-02
   1.0819300e-01
   1.8195400e-01
   2.5567900e-01
   3.2913800e-01
   4.0129300e-01
   4.6767500e-01
   5.0970400e-01
   4.6762800e-01
   2.5366600e-01
  -3.5784100e-02
  -2.0143300e-01
  -2.0370100e-01
  -1.3494700e-01
  -6.0779600e-02
   1.3716000e-02
   8.7926700e-02
   1.6180100e-01
   2.3530200e-01
   3.0835700e-01
   3.8082900e-01
   4.5247600e-01
   5.2287400e-01
   5.9129900e-01
   6.5645400e-01
   7.1572000e-01
   7.6230800e-01
   7.7414400e-01
   6.8657300e-01
   4.0976700e-01
   4.4589800e-02
  -2.1180700e-01
  -3.2021900e-01
  -3.6704000e-01
  -4.0736500e-01
  -4.3906400e-01
  -4.5795400e-01
  -4.6105400e-01
  -4.4694200e-01
  -4.1581500e-01
  -3.6948000e-01
  -3.1102600e-01
  -2.4417600e-01
  -1.7261800e-01
  -9.9507200e-02
  -2.7500800e-02
   3.8299400e-02
   7.7969900e-02
   2.8647600e-02
  -1.9437800e-01
  -4.8088200e-01
  -6.3671600e-01
  -6.3186500e-01
  -5.6179600e-01
  -4.8733500e-01
  -4.1257400e-01
  -3.3804500e-01
  -2.6374500e-01
  -1.8963300e-01
  -1.1566500e-01
  -4.1794900e-02
   3.2025000e-02
   1.0582500e-01
   1.7957600e-01
   2.5301300e-01
   3.2496900e-01
   3.9040000e-01
   4.2857300e-01
   3.7512700e-01
   1.4730000e-01
  -1.3788900e-01
  -2.8916500e-01
  -2.8123500e-01
  -2.1090500e-01
  -1.3660600e-01
  -6.2017100e-02
   1.2352200e-02
   8.6501800e-02
   1.6046100e-01
   2.3425800e-01
   3.0791700e-01
   3.8144800e-01
   4.5482300e-01
   5.2792000e-01
   6.0032700e-01
   6.7060800e-01
   7.3317300e-01
   7.6599000e-01
   7.0233300e-01
   4.6033200e-01
   1.6189900e-01
  -7.1543100e-03
  -2.9256300e-02
  -5.9113600e-03
   3.5337400e-03
  -5.9176800e-03
  -3.2982200e-02
  -7.1826000e-02
  -1.1430900e-01
  -1.5264700e-01
  -1.8082300e-01
  -1.9472800e-01
  -1.9194400e-01
  -1.7171700e-01
  -1.3518100e-01
  -8.5987700e-02
  -3.3049000e-02
  -2.4520700e-03
  -6.5106000e-02
  -3.0178700e-01
  -5.8333500e-01
  -7.2485100e-01
  -7.1035200e-01
  -6.3894100e-01
  -5.6431800e-01
  -4.8947200e-01
  -4.1486300e-01
  -3.4048300e-01
  -2.6629300e-01
  -1.9224900e-01
  -1.1830400e-01
  -4.4411300e-02
   2.9457000e-02
   1.0326000e-01
   1.7669900e-01
   2.4845600e-01
   3.1284400e-01
   3.4676400e-01
   2.8123200e-01
   4.0488700e-02
  -2.3900200e-01
  -3.7575400e-01
  -3.5841500e-01
  -2.8691900e-01
  -2.1254700e-01
  -1.3796900e-01
  -6.3609100e-02
   1.0544600e-02
   8.4531200e-02
   1.5839300e-01
   2.3217500e-01
   3.0591800e-01
   3.7964100e-01
   4.5328700e-01
   5.2652600e-01
   5.9795900e-01
   6.6162400e-01
   6.9351800e-01
   6.2301800e-01
   3.7700000e-01
   9.7817900e-02
  -3.7057400e-02
  -2.1460500e-02
   4.2980700e-02
   1.0593800e-01
   1.6303800e-01
   2.1125800e-01
   2.4736700e-01
   2.6785900e-01
   2.6985000e-01
   2.5277100e-01
   2.1997800e-01
   1.7847000e-01
   1.3643600e-01
   1.0071600e-01
   7.5129200e-02
   5.6940500e-02
   2.3158200e-02
  -9.8068800e-02
  -3.7811500e-01
  -6.7126400e-01
  -8.0707300e-01
  -7.8700900e-01
  -7.1550900e-01
  -6.4111800e-01
  -5.6652400e-01
  -4.9203600e-01
  -4.1765200e-01
  -3.4339800e-01
  -2.6926800e-01
  -1.9522800e-01
  -1.2123900e-01
  -4.7278200e-02
   2.6602000e-02
   1.0006200e-01
   1.7161600e-01
   2.3485000e-01
   2.6408800e-01
   1.8577900e-01
  -6.6742100e-02
  -3.3918000e-01
  -4.6132900e-01
  -4.3536200e-01
  -3.6299000e-01
  -2.8853200e-01
  -2.1395200e-01
  -1.3959900e-01
  -6.5454100e-02
   8.5243700e-03
   8.2381200e-02
   1.5616400e-01
   2.2991700e-01
   3.0366500e-01
   3.7734900e-01
   4.5061400e-01
   5.2190900e-01
   5.8455500e-01
   6.1195400e-01
   5.2905000e-01
   2.7266300e-01
   2.5729200e-03
  -1.1510700e-01
  -8.7035600e-02
  -1.5338200e-02
   5.7726800e-02
   1.3007100e-01
   2.0089400e-01
   2.6948600e-01
   3.3478700e-01
   3.9524800e-01
   4.4871500e-01
   4.9236500e-01
   5.2280300e-01
   5.3650100e-01
   5.3078400e-01
   5.0474000e-01
   4.5625600e-01
   3.6557600e-01
   1.6422700e-01
  -2.0071300e-01
  -5.5961700e-01
  -7.4766400e-01
  -7.7456600e-01
  -7.4287500e-01
  -6.9445700e-01
  -6.3416900e-01
  -5.6609200e-01
  -4.9381500e-01
  -4.2008500e-01
  -3.4623600e-01
  -2.7239600e-01
  -1.9845700e-01
  -1.2445100e-01
  -5.0498000e-02
   2.2989200e-02
   9.4324400e-02
   1.5627700e-01
   1.8036100e-01
   8.8617600e-02
  -1.7437800e-01
  -4.3852000e-01
  -5.4607700e-01
  -5.1227000e-01
  -4.3924000e-01
  -3.6467400e-01
  -2.9006500e-01
  -2.1569200e-01
  -1.4152900e-01
  -6.7535700e-02
   6.3334300e-03
   8.0126700e-02
   1.5388900e-01
   2.2764000e-01
   3.0131400e-01
   3.7450800e-01
   4.4547900e-01
   5.0670700e-01
   5.2872000e-01
   4.3214800e-01
   1.6578300e-01
  -9.5519500e-02
  -1.9841000e-01
  -1.6234400e-01
  -8.9329200e-02
  -1.4963300e-02
   5.9340100e-02
   1.3326400e-01
   2.0674200e-01
   2.7967000e-01
   3.5186600e-01
   4.2301900e-01
   4.9261500e-01
   5.5982100e-01
   6.2329700e-01
   6.8082100e-01
   7.2812900e-01
   7.5430100e-01
   7.2532600e-01
   5.5724000e-01
   2.0186500e-01
  -1.5926500e-01
  -3.7108500e-01
  -4.4902900e-01
  -4.8719800e-01
  -5.1333700e-01
  -5.2483700e-01
  -5.1971100e-01
  -4.9730500e-01
  -4.5859400e-01
  -4.0605300e-01
  -3.4315300e-01
  -2.7364600e-01
  -2.0090000e-01
  -1.2731100e-01
  -5.4161200e-02
   1.6673200e-02
   7.7067300e-02
   9.5430100e-02
  -1.0363600e-02
  -2.8238800e-01
  -5.3709900e-01
  -6.3017100e-01
  -5.8931500e-01
  -5.1579000e-01
  -4.4110000e-01
  -3.6643500e-01
  -2.9201200e-01
  -2.1780200e-01
  -1.4376400e-01
  -6.9853100e-02
   3.9795200e-03
   7.7777400e-02
   1.5155800e-01
   2.2523900e-01
   2.9836800e-01
   3.6897700e-01
   4.2859800e-01
   4.4464200e-01
   3.3374400e-01
   5.8761000e-02
  -1.9285600e-01
  -2.8140100e-01
  -2.3860600e-01
  -1.6515500e-01
  -9.0613000e-02
  -1.6102700e-02
   5.8169200e-02
   1.3221900e-01
   2.0606900e-01
   2.7973600e-01
   3.5322400e-01
   4.2650400e-01
   4.9948400e-01
   5.7190700e-01
   6.4302900e-01
   7.1038200e-01
   7.6450000e-01
   7.7071100e-01
   6.4296900e-01
   3.4723400e-01
   7.1865800e-02
  -5.1421800e-02
  -6.1841600e-02
  -6.2142900e-02
  -8.0280400e-02
  -1.1356700e-01
  -1.5495100e-01
  -1.9619300e-01
  -2.3026500e-01
  -2.5207100e-01
  -2.5831400e-01
  -2.4730800e-01
  -2.1901500e-01
  -1.7513000e-01
  -1.1911200e-01
  -5.6795900e-02
  -1.0664700e-03
   1.0200300e-02
  -1.1054300e-01
  -3.9036400e-01
  -6.3483900e-01
  -7.1373400e-01
  -6.6665600e-01
  -5.9276400e-01
  -5.1794100e-01
  -4.4319700e-01
  -3.6869800e-01
  -2.9441500e-01
  -2.2030600e-01
  -1.4632500e-01
  -7.2424300e-02
   1.4385800e-03
   7.5276700e-02
   1.4899300e-01
   2.2207400e-01
   2.9230200e-01
   3.5014500e-01
   3.5965800e-01
   2.3397700e-01
  -4.8020500e-02
  -2.8900100e-01
  -3.6349300e-01
  -3.1481800e-01
  -2.4112900e-01
  -1.6655100e-01
  -9.2046100e-02
  -1.7764100e-02
   5.6324800e-02
   1.3026000e-01
   2.0408300e-01
   2.7783600e-01
   3.5155200e-01
   4.2522600e-01
   4.9873500e-01
   5.7150800e-01
   6.4118600e-01
   6.9777100e-01
   7.0401900e-01
   5.7183100e-01
   2.8551800e-01
   4.4582200e-02
  -3.1110300e-02
   1.0273700e-02
   7.0031200e-02
   1.2344200e-01
   1.6664800e-01
   1.9605700e-01
   2.0828400e-01
   2.0128300e-01
   1.7620300e-01
   1.3832000e-01
   9.5595800e-02
   5.5977200e-02
   2.5644600e-02
   8.3993200e-03
   4.4876300e-03
   4.6560400e-03
  -2.9992500e-02
  -1.9046700e-01
  -4.8951500e-01
  -7.2858800e-01
  -7.9549000e-01
  -7.4351400e-01
  -6.6971400e-01
  -5.9504900e-01
  -5.2035900e-01
  -4.4582600e-01
  -3.7146900e-01
  -2.9727300e-01
  -2.2320000e-01
  -1.4920700e-01
  -7.5253500e-02
  -1.3317100e-03
   7.2443500e-02
   1.4549200e-01
   2.1531200e-01
   2.7118600e-01
   2.7357700e-01
   1.3276900e-01
  -1.5454900e-01
  -3.8401700e-01
  -4.4478500e-01
  -3.9099200e-01
  -3.1712900e-01
  -2.4251600e-01
  -1.6802100e-01
  -9.3750900e-02
  -1.9673100e-02
   5.4254800e-02
   1.2807900e-01
   2.0184600e-01
   2.7559700e-01
   3.4933600e-01
   4.2293800e-01
   4.9579600e-01
   5.6529900e-01
   6.2029000e-01
   6.1996900e-01
   4.7382100e-01
   1.8478000e-01
  -4.1155200e-02
  -9.8161100e-02
  -4.3948600e-02
   2.8202100e-02
   1.0005500e-01
   1.7018000e-01
   2.3759200e-01
   3.0100600e-01
   3.5859900e-01
   4.0790200e-01
   4.4580600e-01
   4.6881100e-01
   4.7379600e-01
   4.5950800e-01
   4.2793700e-01
   3.8288100e-01
   3.2097300e-01
   2.0759200e-01
  -4.2853300e-02
  -4.1724600e-01
  -7.0608700e-01
  -8.0794200e-01
  -7.8487400e-01
  -7.3101900e-01
  -6.6643400e-01
  -5.9572800e-01
  -5.2229600e-01
  -4.4827800e-01
  -3.7434300e-01
  -3.0040300e-01
  -2.2640900e-01
  -1.5238500e-01
  -7.8373200e-02
  -4.5240300e-03
   6.8500400e-02
   1.3787700e-01
   1.9156100e-01
   1.8619300e-01
   3.0055800e-02
  -2.6085400e-01
  -4.7803400e-01
  -5.2547800e-01
  -4.6728000e-01
  -3.9326400e-01
  -3.1859600e-01
  -2.4408300e-01
  -1.6980100e-01
  -9.5713500e-02
  -2.1778400e-02
   5.2051300e-02
   1.2582300e-01
   1.9957800e-01
   2.7331600e-01
   3.4689700e-01
   4.1963800e-01
   4.8860200e-01
   5.4127200e-01
   5.3296300e-01
   3.7151500e-01
   7.9621800e-02
  -1.3348600e-01
  -1.7678000e-01
  -1.1748000e-01
  -4.3684800e-02
   3.0627300e-02
   1.0459400e-01
   1.7803400e-01
   2.5080400e-01
   3.2266500e-01
   3.9322100e-01
   4.6183700e-01
   5.2751900e-01
   5.8876300e-01
   6.4332300e-01
   6.8772800e-01
   7.1557400e-01
   7.1033000e-01
   6.2335800e-01
   3.6227700e-01
  -3.9232000e-02
  -3.6403700e-01
  -5.1790700e-01
  -5.6423700e-01
  -5.8440000e-01
  -5.8808100e-01
  -5.7457400e-01
  -5.4408300e-01
  -4.9833100e-01
  -4.4035100e-01
  -3.7383400e-01
  -3.0241800e-01
  -2.2903200e-01
  -1.5530500e-01
  -8.1700800e-02
  -8.8855600e-03
   5.9918900e-02
   1.1113400e-01
   9.7330900e-02
  -7.4163100e-02
  -3.6691600e-01
  -5.7115100e-01
  -6.0576900e-01
  -5.4384200e-01
  -4.6967000e-01
  -3.9492600e-01
  -3.2036600e-01
  -2.4604200e-01
  -1.7191500e-01
  -9.7943800e-02
  -2.4080200e-02
   4.9723100e-02
   1.2350400e-01
   1.9725900e-01
   2.7082500e-01
   3.4343300e-01
   4.1177100e-01
   4.6179600e-01
   4.4472200e-01
   2.6784700e-01
  -2.5401800e-02
  -2.2543700e-01
  -2.5612500e-01
  -1.9329800e-01
  -1.1925600e-01
  -4.4657500e-02
   2.9747200e-02
   1.0390100e-01
   1.7781600e-01
   2.5150200e-01
   3.2494800e-01
   3.9811800e-01
   4.7091300e-01
   5.4311500e-01
   6.1422000e-01
   6.8290800e-01
   7.4493100e-01
   7.8451400e-01
   7.4974300e-01
   5.4569100e-01
   2.1984100e-01
  -2.2189100e-02
  -1.1258100e-01
  -1.3164600e-01
  -1.5809100e-01
  -1.9600700e-01
  -2.3807100e-01
  -2.7650200e-01
  -3.0517700e-01
  -3.1987800e-01
  -3.1807700e-01
  -2.9883600e-01
  -2.6286700e-01
  -2.1248300e-01
  -1.5126500e-01
  -8.3846000e-02
  -1.7312900e-02
   3.0648500e-02
   7.3293300e-03
  -1.7965400e-01
  -4.7266800e-01
  -6.6345800e-01
  -6.8584000e-01
  -6.2081200e-01
  -5.4647000e-01
  -4.7163200e-01
  -3.9700100e-01
  -3.2260700e-01
  -2.4841400e-01
  -1.7437800e-01
  -1.0045100e-01
  -2.6587200e-02
   4.7250600e-02
   1.2105100e-01
   1.9462700e-01
   2.6711000e-01
   3.3476400e-01
   3.8185800e-01
   3.5530800e-01
   1.6321200e-01
  -1.2970700e-01
  -3.1619600e-01
  -3.3494500e-01
  -2.6931400e-01
  -1.9519300e-01
  -1.2057800e-01
  -4.6154400e-02
   2.8053500e-02
   1.0208000e-01
   1.7596300e-01
   2.4974200e-01
   3.2345300e-01
   3.9711300e-01
   4.7068200e-01
   5.4392200e-01
   6.1586300e-01
   6.8251500e-01
   7.2738500e-01
   6.9566800e-01
   4.9567100e-01
   1.9865300e-01
   9.6010900e-03
  -1.6455500e-02
   3.2938900e-02
   8.1556500e-02
   1.1894500e-01
   1.4089500e-01
   1.4438300e-01
   1.2863500e-01
   9.6751500e-02
   5.5587100e-02
   1.3427600e-02
  -2.2424300e-02
  -4.6619600e-02
  -5.5837600e-02
  -4.9120100e-02
  -3.0223700e-02
  -1.7454200e-02
  -6.9628600e-02
  -2.8089700e-01
  -5.7602800e-01
  -7.5392800e-01
  -7.6511700e-01
  -6.9791100e-01
  -6.2361000e-01
  -5.4876300e-01
  -4.7407700e-01
  -3.9960500e-01
  -3.2532600e-01
  -2.5120200e-01
  -1.7718700e-01
  -1.0323700e-01
  -2.9315600e-02
   4.4556600e-02
   1.1816500e-01
   1.9053200e-01
   2.5744000e-01
   3.0128900e-01
   2.6453900e-01
   5.7646000e-02
  -2.3328200e-01
  -4.0579300e-01
  -4.1324700e-01
  -3.4535500e-01
  -2.7115100e-01
  -1.9653600e-01
  -1.2212700e-01
  -4.7932800e-02
   2.6085100e-02
   9.9970200e-02
   1.7376900e-01
   2.4752600e-01
   3.2127400e-01
   3.9498600e-01
   4.6843300e-01
   5.4058600e-01
   6.0704400e-01
   6.4952000e-01
   6.0892900e-01
   3.9683900e-01
   1.0635100e-01
  -6.2314100e-02
  -6.7544600e-02
  -1.1865000e-03
   6.9613600e-02
   1.3882600e-01
   2.0478200e-01
   2.6591700e-01
   3.2010600e-01
   3.6456500e-01
   3.9594800e-01
   4.1081000e-01
   4.0675800e-01
   3.8423700e-01
   3.4760000e-01
   3.0345500e-01
   2.5532300e-01
   1.9085700e-01
   5.4142200e-02
  -2.3892900e-01
  -5.8687200e-01
  -7.9200100e-01
  -8.1924300e-01
  -7.6501600e-01
  -6.9740300e-01
  -6.2482700e-01
  -5.5071300e-01
  -4.7653400e-01
  -4.0247100e-01
  -3.2841300e-01
  -2.5436100e-01
  -1.8032700e-01
  -1.0630900e-01
  -3.2345600e-02
   4.1314100e-02
   1.1356500e-01
   1.7965100e-01
   2.1991300e-01
   1.7223900e-01
  -4.8816300e-02
  -3.3615700e-01
  -4.9436300e-01
  -4.9122100e-01
  -4.2152800e-01
  -3.4721200e-01
  -2.7257400e-01
  -1.9815700e-01
  -1.2395800e-01
  -4.9938100e-02
   2.3947700e-02
   9.7746800e-02
   1.7150600e-01
   2.4525600e-01
   3.1896700e-01
   3.9238200e-01
   4.6435100e-01
   5.2992200e-01
   5.6870500e-01
   5.1704600e-01
   2.9127700e-01
   5.2950500e-03
  -1.4828400e-01
  -1.4200700e-01
  -7.2119200e-02
   1.7879300e-03
   7.5759600e-02
   1.4913800e-01
   2.2170600e-01
   2.9315500e-01
   3.6298500e-01
   4.3041100e-01
   4.9424100e-01
   5.5273600e-01
   6.0345600e-01
   6.4307300e-01
   6.6687700e-01
   6.6643500e-01
   6.1902200e-01
   4.6138400e-01
   1.1783700e-01
  -2.8288100e-01
  -5.4344500e-01
  -6.3520300e-01
  -6.5163100e-01
  -6.4754900e-01
  -6.2570300e-01
  -5.8750400e-01
  -5.3538400e-01
  -4.7278300e-01
  -4.0345300e-01
  -3.3077700e-01
  -2.5711200e-01
  -1.8335500e-01
  -1.0955100e-01
  -3.5954800e-02
   3.6124400e-02
   1.0127500e-01
   1.3755600e-01
   7.8228400e-02
  -1.5614100e-01
  -4.3839500e-01
  -5.8207000e-01
  -5.6906500e-01
  -4.9795900e-01
  -4.2350400e-01
  -3.4881600e-01
  -2.7436200e-01
  -2.0012900e-01
  -1.2607700e-01
  -5.2163100e-02
   2.1661900e-02
   9.5443900e-02
   1.6921200e-01
   2.4292700e-01
   3.1629600e-01
   3.8802500e-01
   4.5253200e-01
   4.8709500e-01
   4.2344000e-01
   1.8459400e-01
  -9.5880900e-02
  -2.3488900e-01
  -2.1895900e-01
  -1.4763600e-01
  -7.3303500e-02
   1.2250400e-03
   7.5492600e-02
   1.4948300e-01
   2.2319400e-01
   2.9660100e-01
   3.6964600e-01
   4.4220900e-01
   5.1405400e-01
   5.8472800e-01
   6.5328900e-01
   7.1742100e-01
   7.6989500e-01
   7.8517200e-01
   6.9079000e-01
   4.0919400e-01
   7.6625000e-02
  -1.3021700e-01
  -2.0291200e-01
  -2.3832200e-01
  -2.7938000e-01
  -3.2038100e-01
  -3.5464500e-01
  -3.7699000e-01
