  9.0800000e-001
  9.0000000e-001
  8.8400000e-001
  8.8000000e-001
  9.0000000e-001
  9.0400000e-001
  9.0400000e-001
  8.8800000e-001
  8.5200000e-001
  8.2400000e-001
  8.3600000e-001
  8.3600000e-001
  8.5200000e-001
  8.6000000e-001
  8.8000000e-001
  8.9600000e-001
  9.0400000e-001
  9.3200000e-001
  9.2400000e-001
  9.2000000e-001
  9.2400000e-001
  9.0400000e-001
  9.0400000e-001
  8.9200000e-001
  8.8800000e-001
  8.8400000e-001
  8.8000000e-001
  9.1200000e-001
  8.9600000e-001
  9.0400000e-001
  8.8000000e-001
  8.8400000e-001
  8.9200000e-001
  8.8800000e-001
  9.0000000e-001
  8.5600000e-001
  8.6000000e-001
  8.4000000e-001
  8.3200000e-001
  8.3600000e-001
  8.3600000e-001
  8.3200000e-001
  8.5600000e-001
  8.4800000e-001
  8.9200000e-001
  9.0800000e-001
  8.8800000e-001
  9.0400000e-001
  9.0000000e-001
  8.9600000e-001
  9.0800000e-001
  9.1600000e-001
  8.9200000e-001
  8.8400000e-001
  8.9600000e-001
  8.9600000e-001
  8.9200000e-001
  9.1200000e-001
  8.9600000e-001
  8.9600000e-001
  8.9200000e-001
  9.0800000e-001
  9.0800000e-001
  9.2000000e-001
  9.1200000e-001
  9.0800000e-001
  8.9600000e-001
  9.0400000e-001
  8.9600000e-001
  8.9600000e-001
  8.9200000e-001
  9.0000000e-001
  8.6000000e-001
  8.8000000e-001
  8.8400000e-001
  9.0000000e-001
  9.0000000e-001
  8.8800000e-001
  8.8800000e-001
  8.8400000e-001
  9.0400000e-001
  8.7200000e-001
  8.7600000e-001
  8.8800000e-001
  8.8400000e-001
  8.8400000e-001
  8.8000000e-001
  9.0000000e-001
  9.0400000e-001
  8.8000000e-001
  9.0000000e-001
  9.2000000e-001
  9.2000000e-001
  9.2000000e-001
  9.2000000e-001
  9.1200000e-001
  9.1200000e-001
  9.1600000e-001
  9.3200000e-001
  9.0400000e-001
  8.4400000e-001
  8.4800000e-001
  8.5600000e-001
  8.6400000e-001
  8.8800000e-001
  9.0000000e-001
  9.1600000e-001
  9.3600000e-001
  9.2800000e-001
  9.1200000e-001
  9.2400000e-001
  9.0000000e-001
  8.9600000e-001
  8.9600000e-001
  9.0000000e-001
  9.2800000e-001
  9.3600000e-001
  9.2400000e-001
  9.1600000e-001
  9.2800000e-001
  9.1600000e-001
  8.9600000e-001
  8.8400000e-001
  8.9200000e-001
  8.9600000e-001
  8.8000000e-001
  8.9200000e-001
  9.2800000e-001
  9.4800000e-001
  9.1600000e-001
  8.8800000e-001
  9.0400000e-001
  9.1200000e-001
  8.9600000e-001
  8.8400000e-001
  9.0800000e-001
  9.3200000e-001
  9.5600000e-001
  9.2000000e-001
  9.2000000e-001
  9.4400000e-001
  9.3200000e-001
  9.2000000e-001
  9.4000000e-001
  9.8000000e-001
  9.2800000e-001
  9.2400000e-001
  9.3600000e-001
  9.3200000e-001
  9.3600000e-001
  9.0800000e-001
  9.1600000e-001
  9.1200000e-001
  8.9600000e-001
  8.8800000e-001
  8.8800000e-001
  9.1600000e-001
  9.1200000e-001
  8.9200000e-001
  9.0000000e-001
  8.9600000e-001
  8.8000000e-001
  8.9600000e-001
  9.0000000e-001
  9.1200000e-001
  8.8400000e-001
  9.0800000e-001
  9.2800000e-001
  9.0000000e-001
  9.0000000e-001
  8.9600000e-001
  9.0800000e-001
  9.0000000e-001
  8.8400000e-001
  8.7200000e-001
  8.6400000e-001
  8.7600000e-001
  8.7200000e-001
  8.7600000e-001
  9.1600000e-001
  8.9600000e-001
  8.7600000e-001
  8.7600000e-001
  8.8800000e-001
  8.8400000e-001
  8.8800000e-001
  8.8400000e-001
  8.8000000e-001
  8.5600000e-001
  8.6800000e-001
  8.9200000e-001
  8.8000000e-001
  8.7200000e-001
  8.9600000e-001
  9.0400000e-001
  9.0000000e-001
  9.0400000e-001
  9.0000000e-001
  8.8800000e-001
  8.9600000e-001
  9.0000000e-001
  9.0400000e-001
  9.0000000e-001
  9.0400000e-001
  9.2400000e-001
  9.2800000e-001
  9.2000000e-001
  9.0000000e-001
  9.0800000e-001
  8.9600000e-001
  9.1600000e-001
  8.8000000e-001
  8.7600000e-001
  8.9200000e-001
  8.9600000e-001
  8.8800000e-001
  9.0400000e-001
  9.0000000e-001
  8.8400000e-001
  8.9200000e-001
  8.5200000e-001
  8.6800000e-001
  8.9200000e-001
  8.8400000e-001
  9.1200000e-001
  9.2800000e-001
  9.3600000e-001
  9.2000000e-001
  9.2800000e-001
  9.4400000e-001
  9.0800000e-001
  9.1600000e-001
  9.1200000e-001
  9.2800000e-001
  9.2400000e-001
  9.1600000e-001
  9.1600000e-001
  9.4400000e-001
  9.2800000e-001
  9.2000000e-001
  9.2400000e-001
  9.2800000e-001
  9.0000000e-001
  9.0400000e-001
  9.3600000e-001
  9.3200000e-001
  9.2800000e-001
  9.3600000e-001
  9.5200000e-001
  9.5200000e-001
  9.1600000e-001
  9.1600000e-001
  9.3600000e-001
  9.4800000e-001
  9.3600000e-001
  9.2800000e-001
  9.2800000e-001
  9.3600000e-001
  9.1200000e-001
  9.0800000e-001
  9.3200000e-001
  9.4400000e-001
  9.3200000e-001
  9.3200000e-001
  9.3600000e-001
  9.4400000e-001
  9.1600000e-001
  9.0800000e-001
  9.2800000e-001
  9.2000000e-001
  9.1200000e-001
  9.2000000e-001
  9.2000000e-001
  8.7600000e-001
  8.5200000e-001
  8.5600000e-001
  8.7200000e-001
  8.8400000e-001
  8.9600000e-001
  9.0400000e-001
  9.0400000e-001
  9.2800000e-001
  9.2800000e-001
  9.0400000e-001
  9.2400000e-001
  9.4000000e-001
  9.2400000e-001
  9.1200000e-001
  9.2000000e-001
  9.1200000e-001
  9.1600000e-001
  8.8800000e-001
  8.8800000e-001
  8.5200000e-001
  8.4400000e-001
  8.4800000e-001
  8.6000000e-001
  8.7200000e-001
  9.0800000e-001
  9.0800000e-001
  9.2400000e-001
  9.1600000e-001
  8.9600000e-001
  9.0000000e-001
  8.8400000e-001
  9.0000000e-001
  9.2000000e-001
  9.4000000e-001
  9.7200000e-001
  9.2800000e-001
  9.6800000e-001
  9.3600000e-001
  9.8000000e-001
  9.6800000e-001
  9.5200000e-001
  9.4400000e-001
  9.2800000e-001
  9.3600000e-001
  9.2800000e-001
  9.1600000e-001
  9.3200000e-001
  9.1200000e-001
  9.2000000e-001
  9.3200000e-001
  9.3600000e-001
  9.1200000e-001
  9.1600000e-001
  9.4000000e-001
  9.4400000e-001
  9.3200000e-001
  9.0800000e-001
  9.2400000e-001
  9.3600000e-001
  9.3200000e-001
  9.2000000e-001
  9.0800000e-001
  9.4800000e-001
  9.4400000e-001
  8.9600000e-001
  9.1200000e-001
  8.9600000e-001
  8.6400000e-001
  8.1200000e-001
  8.1600000e-001
  8.1200000e-001
  8.0800000e-001
  8.0400000e-001
  8.1600000e-001
  8.2800000e-001
  8.3200000e-001
  8.4400000e-001
  8.5200000e-001
  8.8400000e-001
  8.9200000e-001
  8.9200000e-001
  9.0000000e-001
  8.9200000e-001
  8.9600000e-001
  8.8800000e-001
  8.8400000e-001
  8.4800000e-001
  8.5200000e-001
  8.4800000e-001
  8.4400000e-001
  8.6800000e-001
  8.6800000e-001
  8.6000000e-001
  8.9200000e-001
  9.0800000e-001
  9.2800000e-001
  9.0400000e-001
  9.0400000e-001
  9.1600000e-001
  9.2000000e-001
  9.2400000e-001
  9.3600000e-001
  9.2000000e-001
  9.1600000e-001
  9.1200000e-001
  9.1200000e-001
  9.1600000e-001
  8.9600000e-001
  9.0000000e-001
  8.8800000e-001
  9.0000000e-001
  8.8800000e-001
  9.0400000e-001
  8.8000000e-001
  8.7200000e-001
  8.8000000e-001
  8.9600000e-001
  9.2000000e-001
  9.1600000e-001
  8.9600000e-001
  9.0400000e-001
  9.1200000e-001
  8.9600000e-001
  8.6800000e-001
  8.7600000e-001
  8.8400000e-001
  8.7600000e-001
  8.6400000e-001
  8.7200000e-001
  8.8400000e-001
  8.9200000e-001
  8.7600000e-001
  8.6800000e-001
  8.8800000e-001
  8.9200000e-001
  8.8400000e-001
  8.8000000e-001
  8.6800000e-001
  8.8800000e-001
  9.1200000e-001
  9.0400000e-001
  8.9600000e-001
  9.1600000e-001
  8.6000000e-001
  8.4000000e-001
  8.4800000e-001
  8.4400000e-001
  8.6400000e-001
  8.6800000e-001
  8.7600000e-001
  8.6000000e-001
  8.6400000e-001
  8.8400000e-001
  8.8400000e-001
  8.8800000e-001
  8.7200000e-001
  8.8400000e-001
  8.9600000e-001
  9.1200000e-001
  8.8800000e-001
  9.0400000e-001
  9.0000000e-001
  9.0800000e-001
  8.9600000e-001
  8.9600000e-001
  9.2400000e-001
  9.3200000e-001
  9.1600000e-001
  9.0800000e-001
  9.0400000e-001
  9.1600000e-001
  9.0400000e-001
  8.8000000e-001
  8.8000000e-001
  8.9600000e-001
  8.9600000e-001
  8.9200000e-001
  9.1200000e-001
  9.1200000e-001
  9.1200000e-001
  9.2800000e-001
  9.4000000e-001
  9.1600000e-001
  9.1200000e-001
  9.2400000e-001
  9.2000000e-001
  9.2800000e-001
  9.1600000e-001
  9.3200000e-001
  9.2400000e-001
  8.8400000e-001
  8.9200000e-001
  9.2000000e-001
  9.0800000e-001
  8.9600000e-001
  9.0800000e-001
  9.2000000e-001
  9.2000000e-001
  9.1600000e-001
  9.2000000e-001
  9.2800000e-001
  9.2400000e-001
  8.9600000e-001
  9.0000000e-001
  9.2800000e-001
  9.4000000e-001
  9.2800000e-001
  9.2000000e-001
  9.5200000e-001
  9.4000000e-001
  9.3200000e-001
  9.0800000e-001
  9.2800000e-001
  9.3200000e-001
  9.0800000e-001
  9.1200000e-001
  9.2800000e-001
  9.3200000e-001
  9.1600000e-001
  9.1200000e-001
  9.2000000e-001
  9.2400000e-001
  9.1200000e-001
  9.0400000e-001
  9.2800000e-001
  9.3200000e-001
  9.3200000e-001
  9.1200000e-001
  9.3200000e-001
  9.2000000e-001
  9.0000000e-001
  8.8400000e-001
  9.0000000e-001
  9.2000000e-001
  9.1600000e-001
  9.0800000e-001
  9.1200000e-001
  9.3200000e-001
  9.2400000e-001
  9.1200000e-001
  9.0400000e-001
  9.2800000e-001
  9.2000000e-001
  9.2000000e-001
  9.1600000e-001
  9.1600000e-001
  9.1600000e-001
  9.2000000e-001
  8.9200000e-001
  8.7200000e-001
  8.8800000e-001
  8.8800000e-001
  8.9200000e-001
  8.7600000e-001
  9.0000000e-001
  9.1200000e-001
  9.2800000e-001
  9.0800000e-001
  9.3600000e-001
  9.6400000e-001
  9.4800000e-001
  9.2400000e-001
  9.3200000e-001
  9.2000000e-001
  9.0400000e-001
  8.8400000e-001
  8.5600000e-001
  8.8200000e-001
  9.0800000e-001
  9.0800000e-001
  9.2000000e-001
  9.2800000e-001
  8.9200000e-001
  8.8800000e-001
  8.9200000e-001
  8.8000000e-001
  8.9200000e-001
  8.7600000e-001
  8.8800000e-001
  8.8400000e-001
  8.8800000e-001
  8.6400000e-001
  8.8000000e-001
  8.9200000e-001
  8.9200000e-001
  9.0800000e-001
  9.2000000e-001
  9.0400000e-001
  9.3200000e-001
  9.3600000e-001
  9.1200000e-001
  9.2800000e-001
  9.1200000e-001
  8.6400000e-001
  8.6400000e-001
  8.8400000e-001
  9.2000000e-001
  9.1200000e-001
  9.5200000e-001
  9.9200000e-001
  9.6000000e-001
  9.3200000e-001
  9.5200000e-001
  9.3600000e-001
  9.3200000e-001
  9.4400000e-001
  9.4800000e-001
  9.8400000e-001
  9.4000000e-001
  9.6400000e-001
  9.9200000e-001
  9.4000000e-001
  9.6000000e-001
  9.7200000e-001
  9.8000000e-001
  9.8000000e-001
  9.9200000e-001
  9.6000000e-001
  9.6000000e-001
  9.6000000e-001
  9.7200000e-001
  9.6400000e-001
  9.4800000e-001
  9.6000000e-001
  9.6000000e-001
  9.8000000e-001
  9.3200000e-001
  9.4400000e-001
  9.4400000e-001
  9.4000000e-001
  9.6000000e-001
  9.5200000e-001
  9.5200000e-001
  9.5200000e-001
  9.4800000e-001
  9.2400000e-001
  9.3600000e-001
  9.3600000e-001
  9.4000000e-001
  9.1600000e-001
  9.2000000e-001
  9.3200000e-001
  9.4000000e-001
  9.3200000e-001
  9.3600000e-001
  9.3600000e-001
  9.1600000e-001
  9.4000000e-001
  9.3200000e-001
  9.4000000e-001
  9.2400000e-001
  9.1600000e-001
  9.3600000e-001
  9.2400000e-001
  9.3600000e-001
  9.2000000e-001
  9.3200000e-001
  9.4400000e-001
  9.4800000e-001
  9.2800000e-001
  9.4800000e-001
  9.4800000e-001
  9.3200000e-001
  9.4000000e-001
  9.3600000e-001
  9.2400000e-001
  9.2800000e-001
  9.4400000e-001
  9.4800000e-001
  9.3200000e-001
  9.2000000e-001
  9.3200000e-001
  9.2800000e-001
  9.0800000e-001
  9.0000000e-001
  9.1600000e-001
  9.3200000e-001
  9.1600000e-001
  9.0800000e-001
  9.0400000e-001
  9.2800000e-001
  9.4800000e-001
  9.3600000e-001
  9.4000000e-001
  9.6000000e-001
  9.6000000e-001
  9.2800000e-001
  9.0800000e-001
  9.4000000e-001
  9.4000000e-001
  9.2000000e-001
  9.2000000e-001
  9.3600000e-001
  9.3200000e-001
  8.9600000e-001
  9.4400000e-001
  9.4000000e-001
  9.2000000e-001
  9.0800000e-001
  9.2800000e-001
  9.3200000e-001
  9.1600000e-001
  9.0400000e-001
  9.2800000e-001
  9.2800000e-001
  9.4000000e-001
  9.2400000e-001
  9.2000000e-001
  9.3200000e-001
  9.3200000e-001
  9.1600000e-001
  8.9600000e-001
  9.1200000e-001
  9.1200000e-001
  9.0000000e-001
  9.0400000e-001
  9.2800000e-001
  9.3200000e-001
  9.1200000e-001
  9.2000000e-001
  9.2400000e-001
  9.2800000e-001
  9.0400000e-001
  9.0400000e-001
  9.1600000e-001
  9.1600000e-001
  9.0000000e-001
  9.0400000e-001
  9.2800000e-001
  9.1200000e-001
  8.9600000e-001
  8.9600000e-001
  9.2400000e-001
  9.2000000e-001
  9.0800000e-001
  9.0400000e-001
  9.3200000e-001
  9.4000000e-001
  9.2000000e-001
  9.2400000e-001
  9.3200000e-001
  9.4000000e-001
  9.2000000e-001
  9.0400000e-001
  9.1600000e-001
  9.3000000e-001
  9.4400000e-001
  9.5200000e-001
  9.3600000e-001
  9.0000000e-001
  8.8800000e-001
  8.6400000e-001
  8.2800000e-001
  8.4800000e-001
  8.5200000e-001
  8.6800000e-001
  8.8800000e-001
  9.1200000e-001
  9.2400000e-001
  9.2400000e-001
  9.4400000e-001
  9.3600000e-001
  9.3600000e-001
  9.1600000e-001
  9.2800000e-001
  9.3600000e-001
  9.2000000e-001
  9.1600000e-001
  9.3600000e-001
  9.2800000e-001
  9.0800000e-001
  9.0400000e-001
  9.2000000e-001
  9.2400000e-001
  8.9600000e-001
  9.0000000e-001
  9.3200000e-001
  9.1600000e-001
  9.2000000e-001
  9.0800000e-001
  9.3200000e-001
  9.5600000e-001
  9.4400000e-001
  9.2800000e-001
  9.2800000e-001
  9.3600000e-001
  9.0800000e-001
  9.0400000e-001
  9.2400000e-001
  9.1600000e-001
  8.9600000e-001
  9.1200000e-001
  9.2800000e-001
  9.0400000e-001
  8.9200000e-001
  9.0400000e-001
  9.1600000e-001
  9.2000000e-001
  9.1200000e-001
  9.0800000e-001
  9.1600000e-001
  9.0800000e-001
  8.9200000e-001
  9.1200000e-001
  9.0800000e-001
  8.8800000e-001
  9.0400000e-001
  9.1200000e-001
  8.9600000e-001
  8.7600000e-001
  8.8800000e-001
  8.9200000e-001
  8.8800000e-001
  8.7600000e-001
  8.8000000e-001
  9.0000000e-001
  8.9200000e-001
  8.8000000e-001
  8.7600000e-001
  8.9600000e-001
  8.9200000e-001
  8.6400000e-001
  8.7200000e-001
  9.0400000e-001
  9.0400000e-001
  8.8800000e-001
  9.2000000e-001
  9.3600000e-001
  9.2000000e-001
  9.2000000e-001
  9.4000000e-001
  9.3200000e-001
  9.1600000e-001
  9.1200000e-001
  9.3200000e-001
  9.1400000e-001
  8.9600000e-001
  9.2800000e-001
  9.2000000e-001
  8.9200000e-001
  8.9600000e-001
  9.0800000e-001
  9.2000000e-001
  9.1600000e-001
  9.0400000e-001
  9.2400000e-001
  9.2400000e-001
  9.0800000e-001
  9.0000000e-001
  9.1600000e-001
  9.0800000e-001
  8.9600000e-001
  8.8800000e-001
  9.1600000e-001
  9.1600000e-001
  9.1200000e-001
  8.9200000e-001
  9.0400000e-001
  9.1200000e-001
  8.8800000e-001
  8.9200000e-001
  9.0400000e-001
  9.1600000e-001
  9.1600000e-001
  9.0400000e-001
  9.2400000e-001
  9.2400000e-001
  9.0800000e-001
  9.0800000e-001
  9.2800000e-001
  9.2800000e-001
  9.2000000e-001
  9.0400000e-001
  9.1600000e-001
  9.2800000e-001
  9.0800000e-001
  9.0400000e-001
  9.0400000e-001
  9.2400000e-001
  9.0400000e-001
  8.9200000e-001
  9.1200000e-001
  9.2400000e-001
  9.1600000e-001
  8.9200000e-001
  8.9200000e-001
  9.1600000e-001
  9.2800000e-001
  9.2000000e-001
  9.3200000e-001
  9.5200000e-001
  9.3200000e-001
  9.0800000e-001
  9.0400000e-001
  9.2400000e-001
  9.1600000e-001
  9.0800000e-001
  9.2000000e-001
  9.4400000e-001
  9.3600000e-001
  9.2000000e-001
  9.2400000e-001
  9.5600000e-001
  9.3600000e-001
  9.1200000e-001
  9.0800000e-001
  9.1200000e-001
  9.0800000e-001
  8.9600000e-001
  8.9200000e-001
  9.0000000e-001
  9.2000000e-001
  8.8400000e-001
  8.6800000e-001
  8.8400000e-001
  8.7600000e-001
  8.6800000e-001
  8.4800000e-001
  8.6000000e-001
  8.8800000e-001
  8.8800000e-001
  8.6000000e-001
  8.8400000e-001
  8.8800000e-001
  9.0800000e-001
  8.9000000e-001
  8.7200000e-001
  8.8800000e-001
  8.9200000e-001
  8.6400000e-001
  8.6400000e-001
  8.7200000e-001
  8.8400000e-001
  8.6800000e-001
  8.7600000e-001
  8.8400000e-001
  8.8000000e-001
  8.8000000e-001
  8.8000000e-001
  8.8400000e-001
  8.6400000e-001
  8.6400000e-001
  8.8000000e-001
  8.8400000e-001
  8.7200000e-001
  8.5600000e-001
  8.3600000e-001
  8.4000000e-001
  8.5600000e-001
  8.6400000e-001
  8.6400000e-001
  8.6400000e-001
  8.8000000e-001
  8.8800000e-001
  8.9600000e-001
  8.9600000e-001
  9.0800000e-001
  9.1600000e-001
  9.0400000e-001
  9.2400000e-001
  9.1200000e-001
  9.2000000e-001
  9.0800000e-001
  9.0000000e-001
  8.5200000e-001
  8.5200000e-001
  8.7600000e-001
  8.8400000e-001
  9.0000000e-001
  9.3200000e-001
  9.3600000e-001
  9.0800000e-001
  9.2400000e-001
  9.2400000e-001
  9.3200000e-001
  9.0400000e-001
  8.9600000e-001
  9.2400000e-001
  9.2800000e-001
  9.2400000e-001
  9.8000000e-001
  9.5600000e-001
  9.3200000e-001
  9.2800000e-001
  9.3200000e-001
  9.3600000e-001
  9.0400000e-001
  8.9600000e-001
  8.9600000e-001
  9.0400000e-001
  8.8800000e-001
  8.8000000e-001
  8.7600000e-001
  8.8800000e-001
  9.0000000e-001
  8.9200000e-001
  8.8400000e-001
  9.0400000e-001
  9.1200000e-001
  9.2400000e-001
  8.9200000e-001
  8.9600000e-001
  9.0800000e-001
  9.2000000e-001
  9.1200000e-001
  9.0000000e-001
  8.9600000e-001
  9.0400000e-001
  9.2000000e-001
  9.0000000e-001
  8.8400000e-001
  9.1600000e-001
  9.1600000e-001
  8.9200000e-001
  8.8400000e-001
  8.9600000e-001
  9.2000000e-001
  8.4800000e-001
  9.0000000e-001
  9.2400000e-001
  9.3600000e-001
  9.1600000e-001
  9.0400000e-001
  9.1600000e-001
  9.2000000e-001
  9.0400000e-001
  9.2000000e-001
  9.1600000e-001
  9.2800000e-001
  8.8400000e-001
  8.8400000e-001
  8.9600000e-001
  8.9200000e-001
  8.8000000e-001
  9.0000000e-001
  9.1200000e-001
  9.0400000e-001
  8.8000000e-001
  9.0800000e-001
  8.7600000e-001
  8.9200000e-001
  8.9200000e-001
  8.6800000e-001
  8.7600000e-001
  8.9200000e-001
  9.0800000e-001
  8.6800000e-001
  8.6400000e-001
  9.0400000e-001
  8.9200000e-001
  8.8800000e-001
  9.2000000e-001
  9.2000000e-001
  9.0800000e-001
  9.0400000e-001
  9.0800000e-001
  8.8800000e-001
  9.0400000e-001
  8.9200000e-001
  8.8800000e-001
  9.0400000e-001
  8.9600000e-001
  9.1600000e-001
  8.9200000e-001
  9.1200000e-001
  9.2000000e-001
  9.2400000e-001
  9.3200000e-001
  9.4400000e-001
  9.4000000e-001
  9.3200000e-001
  9.2000000e-001
  9.2800000e-001
  9.3600000e-001
  9.4800000e-001
  9.5600000e-001
  9.2400000e-001
  9.2000000e-001
  9.2400000e-001
  9.3200000e-001
  9.2400000e-001
  9.0000000e-001
  9.2000000e-001
  9.2400000e-001
  9.3600000e-001
  9.1600000e-001
  9.1600000e-001
  9.2800000e-001
  9.3600000e-001
  9.2800000e-001
  9.2000000e-001
  9.3200000e-001
  9.1200000e-001
  8.8800000e-001
  9.0000000e-001
  9.0400000e-001
  8.9600000e-001
  8.8800000e-001
  8.9600000e-001
  8.9200000e-001
  8.6000000e-001
  8.4800000e-001
  8.5600000e-001
  8.6800000e-001
  8.9200000e-001
  9.0800000e-001
  9.0800000e-001
