   7.9250000e+01
   4.8437500e+01
   5.4812500e+01
   7.2437500e+01
   5.7375000e+01
   7.5812500e+01
   1.1525000e+02
   2.0000000e+02
   2.1131250e+02
   2.2462500e+02
   2.2212500e+02
   1.4631250e+02
   1.4225000e+02
   7.4000000e+01
   5.8375000e+01
   6.3062500e+01
   6.3937500e+01
   6.7437500e+01
   1.9475000e+02
   2.7675000e+02
   1.3612500e+02
   4.2812500e+01
   3.7062500e+01
   1.4456250e+02
   1.2200000e+02
   9.4000000e+01
   7.1500000e+01
   5.6687500e+01
   5.3875000e+01
   7.5250000e+01
   9.5687500e+01
   1.1962500e+02
   1.6418750e+02
   1.0881250e+02
   1.3962500e+02
   2.4868750e+02
   2.4318750e+02
   1.8500000e+02
   1.7418750e+02
   1.8450000e+02
   2.1025000e+02
   2.5418750e+02
   2.1331250e+02
   1.9137500e+02
   1.6118750e+02
   1.3512500e+02
   1.1881250e+02
   1.0781250e+02
   1.2137500e+02
   9.7437500e+01
   1.3475000e+02
   1.8931250e+02
   1.4425000e+02
   4.7743750e+02
   1.0328750e+03
   6.6943750e+02
   2.0850000e+02
   2.6681250e+02
   5.1568750e+02
   4.1493750e+02
   1.9468750e+02
   1.8756250e+02
   1.7793750e+02
   1.7256250e+02
   5.7518750e+02
   9.1050000e+02
   9.2787500e+02
   3.1200000e+02
   1.6925000e+02
   1.8643750e+02
   4.6762500e+02
   8.3287500e+02
   9.4700000e+02
   1.0314375e+03
   1.1801250e+03
   1.1150000e+03
   8.9831250e+02
   1.0154375e+03
   9.7231250e+02
   7.6543750e+02
   5.7400000e+02
   4.6668750e+02
   6.1318750e+02
   7.0431250e+02
   4.7475000e+02
   4.6881250e+02
   3.9900000e+02
   2.7443750e+02
   1.9431250e+02
   2.4875000e+02
   2.0850000e+02
   1.1425000e+02
   8.3625000e+01
   6.7625000e+01
   1.2837500e+02
   1.0250000e+02
   6.4062500e+01
   5.2500000e+01
   5.8937500e+01
   4.1500000e+01
   4.6062500e+01
   1.6500000e+02
   3.3118750e+02
   3.4787500e+02
   1.8212500e+02
   7.3250000e+01
   7.3625000e+01
   1.1618750e+02
   2.2256250e+02
   3.0293750e+02
   1.6268750e+02
   7.6687500e+01
   7.0500000e+01
   5.4812500e+01
   7.2062500e+01
   2.2693750e+02
   4.8381250e+02
   3.6400000e+02
   3.1306250e+02
   4.8106250e+02
   4.1706250e+02
   5.8100000e+02
   4.7456250e+02
   2.9425000e+02
   3.6550000e+02
   4.0618750e+02
   4.4756250e+02
   6.1518750e+02
   6.4275000e+02
   5.2162500e+02
   2.9143750e+02
   2.6581250e+02
   1.5706250e+02
   7.5250000e+01
   1.1137500e+02
   1.4031250e+02
   1.2193750e+02
   6.1575000e+02
   8.0025000e+02
   4.0431250e+02
   2.7862500e+02
   1.7768750e+02
   1.9318750e+02
   1.4612500e+02
   3.0025000e+02
   4.0131250e+02
   1.3618750e+02
   4.5250000e+01
   3.2687500e+01
   5.7375000e+01
   6.9937500e+01
   8.6250000e+01
   1.6237500e+02
   1.6018750e+02
   1.6125000e+02
   2.6906250e+02
   2.9750000e+02
   1.3893750e+02
   1.0362500e+02
   5.9062500e+01
   9.4562500e+01
   1.1075000e+02
   1.0537500e+02
   1.2343750e+02
   2.2806250e+02
   2.3843750e+02
   1.0562500e+02
   2.0862500e+02
   2.9837500e+02
   1.5618750e+02
   1.5181250e+02
   1.9868750e+02
   9.6437500e+01
   6.8000000e+01
   1.0687500e+02
   1.6212500e+02
   1.7556250e+02
   1.4037500e+02
   2.1537500e+02
   1.8037500e+02
   2.4037500e+02
   3.3987500e+02
   1.4931250e+02
   6.9375000e+01
   7.0875000e+01
   1.5856250e+02
   1.4043750e+02
   1.3306250e+02
   1.3537500e+02
   1.3550000e+02
   1.3168750e+02
   1.2118750e+02
   1.4018750e+02
   1.0781250e+02
   5.7000000e+01
   5.7500000e+01
   7.3062500e+01
   7.0437500e+01
   5.6562500e+01
   5.2000000e+01
   6.2125000e+01
   8.0437500e+01
   7.9625000e+01
   1.0162500e+02
   1.0412500e+02
   1.6550000e+02
   2.0443750e+02
   1.8287500e+02
   2.0037500e+02
   1.0762500e+02
   1.2562500e+02
   1.1443750e+02
   8.2187500e+01
   7.0312500e+01
   1.3525000e+02
   1.6556250e+02
   2.3062500e+02
   3.6543750e+02
   4.3318750e+02
   3.1218750e+02
   2.1712500e+02
   4.4618750e+02
   5.0375000e+02
   1.7018750e+02
   1.2881250e+02
   2.5568750e+02
   3.0737500e+02
   2.0325000e+02
   1.1981250e+02
   1.7331250e+02
   2.6131250e+02
   5.0081250e+02
   4.9068750e+02
   5.4587500e+02
   7.3037500e+02
   7.1518750e+02
   3.6431250e+02
   4.5143750e+02
   6.7987500e+02
   7.0700000e+02
   9.1362500e+02
   1.3718750e+03
   9.6725000e+02
   8.7750000e+02
   9.5812500e+02
   8.2681250e+02
   4.4231250e+02
   3.1262500e+02
   6.0881250e+02
   5.1618750e+02
   1.5562500e+02
   9.7937500e+01
   8.2625000e+01
   7.9875000e+01
   8.8125000e+01
   8.7937500e+01
   9.1062500e+01
   6.2062500e+01
   4.2937500e+01
   4.5312500e+01
   5.0125000e+01
   4.5937500e+01
   4.2500000e+01
   4.1000000e+01
   2.9125000e+01
   2.7937500e+01
   3.8062500e+01
   6.0750000e+01
   6.3812500e+01
   1.3275000e+02
   3.6081250e+02
   3.3956250e+02
   1.2843750e+02
   6.4875000e+01
   5.2562500e+01
   4.8187500e+01
   4.6687500e+01
   5.8437500e+01
   6.6250000e+01
   6.1500000e+01
   8.0375000e+01
   9.5062500e+01
   1.2468750e+02
   7.8250000e+01
   5.9875000e+01
   1.1375000e+02
   1.5143750e+02
   1.2881250e+02
   1.9393750e+02
   2.9900000e+02
   2.5768750e+02
   2.3262500e+02
   1.0718750e+02
   5.3437500e+01
   7.7875000e+01
   3.0062500e+02
   3.3950000e+02
   1.4662500e+02
   6.4375000e+01
   6.7000000e+01
   7.0125000e+01
   9.1312500e+01
   1.6737500e+02
   1.1843750e+02
   1.2325000e+02
   1.8087500e+02
   2.8987500e+02
   3.1943750e+02
   1.9862500e+02
   8.8562500e+01
   6.1187500e+01
   4.6000000e+01
   4.5375000e+01
   8.0812500e+01
   1.1375000e+02
   2.2256250e+02
   1.9425000e+02
   2.8012500e+02
   6.8225000e+02
   6.6681250e+02
   4.0393750e+02
   6.9556250e+02
   6.6950000e+02
   3.8775000e+02
   3.8675000e+02
   3.1675000e+02
   2.7531250e+02
   1.3218750e+02
   1.0031250e+02
   1.1293750e+02
   1.2050000e+02
   1.9106250e+02
   1.4768750e+02
   9.1062500e+01
   8.8500000e+01
   2.2387500e+02
   2.0950000e+02
   9.8625000e+01
   7.9625000e+01
   7.0187500e+01
   6.4500000e+01
   6.4687500e+01
   7.0500000e+01
   7.5437500e+01
   1.1831250e+02
   1.6806250e+02
   3.0706250e+02
   4.0931250e+02
   3.7137500e+02
   2.9887500e+02
   2.0006250e+02
   1.1750000e+02
   9.9687500e+01
   1.1312500e+02
   8.1125000e+01
   4.9437500e+01
   1.1356250e+02
   2.5668750e+02
   2.9693750e+02
   2.7350000e+02
   3.0887500e+02
   2.1550000e+02
   1.2731250e+02
   1.1462500e+02
   5.7062500e+01
   1.0950000e+02
   3.8381250e+02
   4.6631250e+02
   2.8693750e+02
   1.2075000e+02
   8.0562500e+01
   7.6125000e+01
   6.8562500e+01
   5.8187500e+01
   5.5812500e+01
   6.8062500e+01
   6.5375000e+01
   6.6125000e+01
   9.4000000e+01
   3.0656250e+02
   4.4456250e+02
   5.3806250e+02
   4.2893750e+02
   2.4606250e+02
   1.7112500e+02
   1.4906250e+02
   1.2200000e+02
   8.5312500e+01
   7.2500000e+01
   1.8137500e+02
   2.1537500e+02
   1.9150000e+02
   2.7706250e+02
   2.4056250e+02
   1.9568750e+02
   2.2550000e+02
   1.5637500e+02
   1.4693750e+02
   2.9262500e+02
   3.7756250e+02
   4.2050000e+02
   4.0625000e+02
   2.4000000e+02
   8.3437500e+01
   6.1375000e+01
   5.8937500e+01
   5.6000000e+01
   4.3125000e+01
   1.3237500e+02
   2.1843750e+02
   3.1075000e+02
   5.3906250e+02
   6.8850000e+02
   5.5381250e+02
   3.8462500e+02
   2.3806250e+02
   1.1268750e+02
   5.1937500e+01
   8.4625000e+01
   2.1831250e+02
   1.9575000e+02
   9.9000000e+01
   1.0687500e+02
   1.1350000e+02
   1.4818750e+02
   1.5550000e+02
   1.8950000e+02
   2.2037500e+02
   2.3687500e+02
   2.5550000e+02
   3.1981250e+02
   5.0200000e+02
   5.0275000e+02
   2.7968750e+02
   1.1112500e+02
   1.7956250e+02
   1.7606250e+02
   1.6118750e+02
   2.3993750e+02
   2.6006250e+02
   2.9006250e+02
   3.3931250e+02
   2.5987500e+02
   1.1625000e+02
   7.0812500e+01
   7.4750000e+01
   3.4875000e+02
   6.1243750e+02
   6.1493750e+02
   4.5212500e+02
   3.7281250e+02
   3.0100000e+02
   2.7812500e+02
   2.7418750e+02
   1.4068750e+02
   7.2187500e+01
   4.7562500e+01
   5.1625000e+01
   7.7250000e+01
   1.5575000e+02
   1.2906250e+02
   9.4437500e+01
   7.6625000e+01
   7.8937500e+01
   7.4250000e+01
   8.9187500e+01
   1.6606250e+02
   1.6731250e+02
   9.1437500e+01
   7.0125000e+01
   5.6812500e+01
   4.3625000e+01
   3.1937500e+01
   3.1625000e+01
   5.0750000e+01
   6.9062500e+01
   8.3937500e+01
   1.0556250e+02
   6.6812500e+01
   4.1312500e+01
   3.0312500e+01
   4.9812500e+01
   7.9312500e+01
   5.1437500e+01
   9.9562500e+01
   2.4325000e+02
   2.5900000e+02
   1.3631250e+02
   8.5312500e+01
   2.2843750e+02
   3.7893750e+02
   3.5000000e+02
   2.5587500e+02
   2.6425000e+02
   2.4568750e+02
   2.4993750e+02
   1.6025000e+02
   6.1625000e+01
   4.0875000e+01
   3.3625000e+01
   3.3812500e+01
   4.0812500e+01
   4.2062500e+01
   4.5000000e+01
   4.2812500e+01
   4.1312500e+01
   4.9625000e+01
   5.1187500e+01
   9.9750000e+01
   2.0481250e+02
   2.2787500e+02
   3.0918750e+02
   3.5206250e+02
   1.9068750e+02
   1.0275000e+02
   9.2250000e+01
   1.3668750e+02
   1.0506250e+02
   8.6250000e+01
   8.6500000e+01
   1.2325000e+02
   1.8406250e+02
   1.6575000e+02
   1.6868750e+02
   1.5587500e+02
   7.6937500e+01
   4.4500000e+01
   5.9125000e+01
   8.2562500e+01
   7.3500000e+01
   9.2187500e+01
   1.1531250e+02
   8.0875000e+01
   9.8687500e+01
   1.0893750e+02
   7.9687500e+01
   5.9625000e+01
   7.6562500e+01
   7.0375000e+01
   5.7812500e+01
   4.4125000e+01
   4.3687500e+01
   4.6500000e+01
   4.9312500e+01
   3.8687500e+01
   5.6437500e+01
   9.3000000e+01
   1.1050000e+02
   6.1500000e+01
   5.1187500e+01
   6.7062500e+01
   5.6000000e+01
   5.4375000e+01
   6.3312500e+01
   8.9000000e+01
   6.9500000e+01
   4.5500000e+01
   4.6750000e+01
   6.4250000e+01
   1.2181250e+02
   2.4025000e+02
   2.6656250e+02
   2.3656250e+02
   1.4768750e+02
   2.0675000e+02
   2.4393750e+02
   1.9668750e+02
   1.4850000e+02
   7.9562500e+01
   6.6625000e+01
   5.3937500e+01
   1.3281250e+02
   2.3793750e+02
   1.8950000e+02
   2.2975000e+02
   2.5493750e+02
   1.4118750e+02
   6.1437500e+01
   4.5937500e+01
   4.1812500e+01
   3.2375000e+01
   3.9625000e+01
   5.0625000e+01
   5.1375000e+01
   4.1062500e+01
   4.5125000e+01
   3.9500000e+01
   5.4812500e+01
   6.8562500e+01
   7.6312500e+01
   1.0943750e+02
   1.5731250e+02
   1.6968750e+02
   1.4293750e+02
   1.3787500e+02
   1.2725000e+02
   1.1925000e+02
   1.4281250e+02
   2.7768750e+02
   3.0368750e+02
   1.8412500e+02
   1.3300000e+02
   3.2437500e+02
   3.3750000e+02
   1.9687500e+02
   1.3081250e+02
   3.5550000e+02
   5.9131250e+02
   3.0931250e+02
   1.0375000e+02
   2.5600000e+02
   5.1100000e+02
   6.7187500e+02
   5.6562500e+02
   6.2725000e+02
   3.8493750e+02
   3.8143750e+02
   3.0743750e+02
   1.7118750e+02
   5.4212500e+02
   7.3425000e+02
   3.1350000e+02
   1.2531250e+02
   1.2987500e+02
   1.9837500e+02
   2.8218750e+02
   4.0462500e+02
   2.2881250e+02
   6.2250000e+01
   6.4125000e+01
   6.0937500e+01
   1.7237500e+02
   4.6731250e+02
   5.0662500e+02
   4.0550000e+02
   7.3381250e+02
   5.3893750e+02
   4.3693750e+02
   7.1443750e+02
   6.4462500e+02
   3.3718750e+02
   3.8856250e+02
   4.5475000e+02
   3.3106250e+02
   3.8718750e+02
   6.9125000e+02
   3.5956250e+02
   1.8400000e+02
   1.7650000e+02
   1.9631250e+02
   3.9962500e+02
   5.6093750e+02
   6.0818750e+02
   5.0906250e+02
   2.0925000e+02
   7.9250000e+01
   1.3900000e+02
   4.2400000e+02
   6.3250000e+02
   6.5231250e+02
   5.1312500e+02
   2.9012500e+02
   2.1956250e+02
   1.9993750e+02
   1.7168750e+02
   2.2462500e+02
   2.9656250e+02
   1.4131250e+02
   8.5625000e+01
   5.9875000e+01
   6.9125000e+01
   2.0462500e+02
   2.9062500e+02
   1.9193750e+02
   9.1750000e+01
   9.1687500e+01
   2.3837500e+02
   2.1481250e+02
   8.3812500e+01
   4.6500000e+01
   1.8106250e+02
   2.9456250e+02
   2.6787500e+02
   1.3850000e+02
   8.7812500e+01
   1.4818750e+02
   1.1268750e+02
   6.8062500e+01
   5.9562500e+01
   2.0662500e+02
   2.4300000e+02
   1.9050000e+02
   2.4862500e+02
   3.0443750e+02
   2.6875000e+02
   2.2475000e+02
   2.4850000e+02
   2.0187500e+02
   6.2500000e+01
   6.0687500e+01
   6.7562500e+01
   7.9625000e+01
   9.4250000e+01
   1.0731250e+02
   1.0593750e+02
   3.2981250e+02
   3.2081250e+02
   1.9918750e+02
   3.0487500e+02
   2.8293750e+02
   2.8056250e+02
   2.0600000e+02
   1.1468750e+02
   1.0743750e+02
   1.1325000e+02
   9.4875000e+01
   9.9375000e+01
   1.7468750e+02
   1.8006250e+02
   1.1843750e+02
   1.3025000e+02
   1.6687500e+02
   2.4525000e+02
   1.7856250e+02
   5.5937500e+01
   8.6187500e+01
   2.0400000e+02
   2.6331250e+02
   2.3925000e+02
   2.5525000e+02
   2.6387500e+02
   2.3681250e+02
   2.3318750e+02
   2.3912500e+02
   2.4337500e+02
   2.1368750e+02
   1.4612500e+02
   1.1318750e+02
   1.4775000e+02
   3.1981250e+02
   2.3825000e+02
   9.5000000e+01
   3.3743750e+02
   2.9300000e+02
   1.7100000e+02
   1.2287500e+02
   1.1462500e+02
   1.7100000e+02
   2.7750000e+02
   3.4575000e+02
   4.9862500e+02
   5.1000000e+02
   2.8406250e+02
   7.7062500e+01
   7.2750000e+01
   6.3937500e+01
   5.4812500e+01
   1.1900000e+02
   4.0837500e+02
   6.8837500e+02
   6.2631250e+02
   5.0250000e+02
   3.2718750e+02
   3.4418750e+02
   5.1781250e+02
   4.3506250e+02
   1.2406250e+02
   1.3287500e+02
   2.8381250e+02
   3.0681250e+02
   2.5556250e+02
   3.6531250e+02
   3.0806250e+02
   8.1062500e+01
   2.7837500e+02
   4.3637500e+02
   2.9293750e+02
   7.8562500e+01
   8.4625000e+01
   1.4756250e+02
   2.1731250e+02
   5.4375000e+02
   8.8562500e+02
   4.9037500e+02
   1.6325000e+02
   1.0025000e+02
   2.6125000e+02
   1.9025000e+02
   1.5443750e+02
   3.2362500e+02
   2.4437500e+02
   3.0906250e+02
   3.4787500e+02
   1.7431250e+02
   1.0212500e+02
   1.7218750e+02
   2.3850000e+02
   1.1525000e+02
   7.1312500e+01
   7.8812500e+01
   1.3681250e+02
   1.1750000e+02
   5.6187500e+01
   5.0875000e+01
   5.1250000e+01
   4.8562500e+01
   5.6875000e+01
   8.6812500e+01
   7.9000000e+01
   4.7375000e+01
   4.3562500e+01
   3.8125000e+01
   4.4687500e+01
   4.4500000e+01
   4.0750000e+01
   3.9875000e+01
   5.7125000e+01
   7.5812500e+01
   6.5687500e+01
   6.4437500e+01
   1.0100000e+02
   1.1356250e+02
   1.1656250e+02
   2.0243750e+02
   1.6056250e+02
   6.0375000e+01
   5.5000000e+01
   4.5500000e+01
   3.7000000e+01
   4.2875000e+01
   4.2437500e+01
   4.1562500e+01
   4.4062500e+01
   4.2750000e+01
   4.7812500e+01
   6.8250000e+01
   1.0493750e+02
   1.2818750e+02
   1.0312500e+02
   1.0487500e+02
   8.9312500e+01
   5.0437500e+01
   1.4256250e+02
   1.3012500e+02
   1.0418750e+02
   1.3968750e+02
   1.4725000e+02
   1.3212500e+02
   7.8812500e+01
   5.1062500e+01
   3.9875000e+01
   5.4500000e+01
   6.8750000e+01
   1.4831250e+02
   4.2287500e+02
   4.9018750e+02
   1.6800000e+02
   9.1937500e+01
   1.2831250e+02
   1.1393750e+02
   9.1562500e+01
   1.8437500e+02
   1.3250000e+02
   9.2812500e+01
   2.4243750e+02
   2.3887500e+02
   1.7375000e+02
   1.0437500e+02
   7.1812500e+01
   6.3937500e+01
   5.9937500e+01
   8.4187500e+01
   8.5250000e+01
   1.1725000e+02
   1.3706250e+02
   9.7875000e+01
   1.3181250e+02
   3.9462500e+02
   4.8243750e+02
   3.7293750e+02
   7.2625000e+02
   5.4900000e+02
   2.0775000e+02
   1.2143750e+02
   4.4125000e+01
   3.1875000e+01
   3.3625000e+01
   1.2737500e+02
   3.4943750e+02
   3.1950000e+02
   1.9343750e+02
   2.4000000e+02
   3.6012500e+02
   2.9837500e+02
   1.0537500e+02
   7.2750000e+01
   1.1400000e+02
   9.3625000e+01
   7.1187500e+01
   6.7125000e+01
   6.5000000e+01
   4.0250000e+01
   3.2937500e+01
   3.8375000e+01
   8.3125000e+01
   3.7250000e+01
   5.2375000e+01
   6.0687500e+01
   7.4000000e+01
   7.4750000e+01
   6.7250000e+01
   8.3375000e+01
   7.6375000e+01
   9.7937500e+01
   9.1937500e+01
   6.8000000e+01
   4.6875000e+01
   4.1625000e+01
   5.0812500e+01
   8.0437500e+01
   7.6437500e+01
   4.4562500e+01
   2.8625000e+01
   4.2062500e+01
   7.9375000e+01
   9.7625000e+01
   8.4375000e+01
   6.5437500e+01
   7.9687500e+01
   2.3106250e+02
   2.4450000e+02
   8.5562500e+01
   6.9375000e+01
   7.0875000e+01
   3.7050000e+02
   6.8537500e+02
   6.3631250e+02
   5.3981250e+02
   3.2618750e+02
   9.7187500e+01
   7.7562500e+01
   4.2500000e+01
   4.3750000e+01
   5.9437500e+01
   6.4750000e+01
   5.4625000e+01
   6.5750000e+01
   6.3187500e+01
   6.9937500e+01
   6.5062500e+01
   6.4312500e+01
   5.6562500e+01
   5.5375000e+01
   5.7187500e+01
   4.7125000e+01
   4.8250000e+01
   5.0125000e+01
   6.9812500e+01
   6.4562500e+01
   5.3437500e+01
   6.9687500e+01
   1.0518750e+02
   1.3712500e+02
   1.2350000e+02
   6.5687500e+01
   3.8937500e+01
   9.9812500e+01
   1.2518750e+02
   9.6250000e+01
   5.4187500e+01
   1.3087500e+02
   2.3018750e+02
   1.9618750e+02
   1.1056250e+02
   7.8812500e+01
   7.9187500e+01
   5.5187500e+01
   6.3750000e+01
   7.3125000e+01
   8.9375000e+01
   1.0900000e+02
   9.4187500e+01
   6.6437500e+01
   5.1812500e+01
   4.1875000e+01
   4.7875000e+01
   5.0125000e+01
   5.4312500e+01
   5.5125000e+01
   5.8812500e+01
   1.1468750e+02
   1.4425000e+02
   9.4687500e+01
   7.1125000e+01
   5.5500000e+01
   1.5581250e+02
   1.6612500e+02
   2.3400000e+02
   2.3081250e+02
   1.4562500e+02
   2.0568750e+02
   1.1568750e+02
   1.0281250e+02
   2.5775000e+02
   1.7431250e+02
   6.0125000e+01
   7.5000000e+01
   1.0612500e+02
   1.4018750e+02
   1.2018750e+02
   5.5125000e+01
   7.0750000e+01
   7.8125000e+01
   7.0812500e+01
   4.7687500e+01
   6.9375000e+01
   1.2093750e+02
   1.6081250e+02
   1.0587500e+02
   1.1406250e+02
   1.0893750e+02
   7.6687500e+01
   9.9750000e+01
   8.9875000e+01
   6.6312500e+01
   4.1437500e+01
   4.9375000e+01
   5.5562500e+01
   3.7700000e+02
   4.9862500e+02
   4.0243750e+02
   3.5256250e+02
   2.6050000e+02
   4.7850000e+02
   6.2031250e+02
   5.8612500e+02
   7.1375000e+02
   4.1393750e+02
   2.1093750e+02
   1.9787500e+02
   2.9031250e+02
   2.4493750e+02
   3.4912500e+02
   6.3087500e+02
   6.9962500e+02
   6.4343750e+02
   7.9162500e+02
   1.0657500e+03
   7.4562500e+02
   8.1631250e+02
   5.7987500e+02
   7.8625000e+02
   7.4193750e+02
   8.1793750e+02
   1.5173750e+03
   1.0154375e+03
   3.1575000e+02
   1.2668750e+02
   1.3943750e+02
   5.7756250e+02
   6.2243750e+02
   6.2718750e+02
   7.0818750e+02
   6.0543750e+02
   4.1368750e+02
   5.1887500e+02
   5.7693750e+02
   8.4568750e+02
   4.5550000e+02
   3.8818750e+02
   7.0262500e+02
   7.0737500e+02
   5.2043750e+02
   1.8968750e+02
   3.2768750e+02
   6.4193750e+02
   4.7468750e+02
   3.4806250e+02
   3.7406250e+02
   3.0268750e+02
   2.6687500e+02
   3.9175000e+02
   3.7762500e+02
   4.4575000e+02
   3.9743750e+02
   4.1837500e+02
   3.9168750e+02
   4.9506250e+02
   5.0025000e+02
   4.0037500e+02
   6.0150000e+02
   6.4181250e+02
   6.6256250e+02
   6.6956250e+02
   6.3081250e+02
   6.5843750e+02
   6.1406250e+02
   7.2250000e+02
   6.5187500e+02
   3.8175000e+02
   2.2406250e+02
   1.6793750e+02
   3.3843750e+02
   3.6418750e+02
   8.2568750e+02
   7.7475000e+02
   4.2975000e+02
   4.6168750e+02
   5.6993750e+02
   7.6331250e+02
   6.5725000e+02
   4.8850000e+02
   5.3968750e+02
   4.8412500e+02
   2.2093750e+02
   1.6668750e+02
   2.1118750e+02
   3.2450000e+02
   3.6762500e+02
   3.5231250e+02
   3.1093750e+02
   5.7768750e+02
   6.3756250e+02
   5.7668750e+02
   6.0631250e+02
   5.0025000e+02
   3.0318750e+02
   2.2368750e+02
   4.5156250e+02
   2.7381250e+02
   9.9437500e+01
   2.5381250e+02
   4.5437500e+02
   3.2125000e+02
   1.8337500e+02
   1.5368750e+02
   1.9018750e+02
   1.7075000e+02
   2.6400000e+02
   4.9181250e+02
   4.2350000e+02
   1.6381250e+02
   4.4131250e+02
   5.2462500e+02
   3.5543750e+02
   2.3318750e+02
   1.1968750e+02
   4.4362500e+02
   6.2075000e+02
   3.6950000e+02
   3.3762500e+02
   2.5556250e+02
   2.0750000e+02
   1.1656250e+02
   1.8506250e+02
   3.8581250e+02
   5.0887500e+02
   5.2087500e+02
   3.4900000e+02
   2.2318750e+02
   3.2200000e+02
   3.5606250e+02
   3.0881250e+02
   2.8431250e+02
   1.5050000e+02
   1.3862500e+02
   2.6875000e+02
   3.9125000e+02
   2.3918750e+02
   1.0756250e+02
   1.1518750e+02
   1.0518750e+02
   1.9787500e+02
   2.1950000e+02
   1.4650000e+02
   3.1375000e+02
   3.1956250e+02
   1.3431250e+02
   2.8625000e+02
   2.9956250e+02
   1.9706250e+02
   2.5868750e+02
   3.0418750e+02
   3.4043750e+02
   3.5931250e+02
   2.5706250e+02
   1.8581250e+02
   1.6181250e+02
   1.1762500e+02
   7.8312500e+01
   7.9312500e+01
   1.3993750e+02
   2.2487500e+02
   1.2381250e+02
   1.0256250e+02
   9.6437500e+01
   1.5725000e+02
   1.8762500e+02
   1.9050000e+02
   2.0037500e+02
   1.6368750e+02
   1.5300000e+02
   1.9562500e+02
   1.4362500e+02
   1.1387500e+02
   2.2375000e+02
   3.0650000e+02
   2.0062500e+02
   1.2706250e+02
   1.6412500e+02
   3.5706250e+02
   5.4537500e+02
   7.5218750e+02
   5.7331250e+02
   3.5568750e+02
   3.4075000e+02
   2.1281250e+02
   1.0181250e+02
   7.6125000e+01
   3.9312500e+01
   4.3500000e+01
   3.5875000e+01
   3.3625000e+01
   3.0187500e+01
   3.3437500e+01
   2.8312500e+01
   5.9875000e+01
   1.2018750e+02
   6.9875000e+01
   2.9000000e+01
   4.2437500e+01
   1.6700000e+02
   1.5431250e+02
   5.9625000e+01
   8.8500000e+01
   1.1125000e+02
   1.2018750e+02
   1.2237500e+02
   1.1993750e+02
   7.6562500e+01
   6.7187500e+01
   1.7662500e+02
   5.8668750e+02
   6.4500000e+02
   8.0437500e+02
   5.5787500e+02
   2.8681250e+02
   1.6106250e+02
   1.2662500e+02
   7.2062500e+01
   4.2500000e+01
   5.5250000e+01
   6.8687500e+01
   7.0312500e+01
   6.4375000e+01
   6.7562500e+01
   5.5500000e+01
   4.3625000e+01
   5.4500000e+01
   4.8750000e+01
   5.2375000e+01
   4.1187500e+01
   6.3875000e+01
   9.3312500e+01
   1.4762500e+02
   2.1331250e+02
   5.2218750e+02
   8.0481250e+02
   8.1968750e+02
   5.2918750e+02
   4.8556250e+02
   6.8262500e+02
   6.6856250e+02
   5.4887500e+02
   4.1643750e+02
   3.0437500e+02
   3.9100000e+02
   4.5900000e+02
   2.7687500e+02
   1.0793750e+02
   5.7187500e+01
   4.6812500e+01
   3.1312500e+01
   4.7375000e+01
   8.8500000e+01
   9.5062500e+01
   1.1812500e+02
   2.5012500e+02
   2.4350000e+02
   1.2150000e+02
   8.6125000e+01
   7.5625000e+01
   6.3687500e+01
   6.0000000e+01
   7.0812500e+01
   6.1375000e+01
   6.1812500e+01
   7.5750000e+01
   4.0500000e+01
   2.4687500e+01
   2.0312500e+01
   2.1562500e+01
   3.8937500e+01
   4.8562500e+01
   1.0118750e+02
   2.0412500e+02
   5.8125000e+02
   8.3681250e+02
   3.8268750e+02
   1.0112500e+02
   2.6906250e+02
   4.0118750e+02
   2.6900000e+02
   9.1125000e+01
   6.9625000e+01
   2.1143750e+02
   1.9343750e+02
   1.1850000e+02
   9.0125000e+01
   2.6575000e+02
   6.8287500e+02
   8.0906250e+02
   6.4537500e+02
   4.1850000e+02
   3.6050000e+02
   2.9037500e+02
   2.3393750e+02
   3.7575000e+02
   4.3368750e+02
   3.0487500e+02
   2.3575000e+02
   2.9031250e+02
   2.7775000e+02
   1.4856250e+02
   9.0437500e+01
   7.6250000e+01
   1.2918750e+02
   1.0600000e+02
   2.5262500e+02
   2.2631250e+02
   5.4375000e+01
   5.0375000e+01
   6.2562500e+01
   1.5762500e+02
   2.3693750e+02
   1.5525000e+02
   4.4312500e+01
   5.0187500e+01
   5.3687500e+01
   4.4750000e+01
   6.5562500e+01
   1.1400000e+02
   1.0575000e+02
   3.2812500e+01
   2.9187500e+01
   2.6062500e+01
   3.6687500e+01
   4.4250000e+01
   5.0187500e+01
   3.6125000e+01
   4.5437500e+01
   4.6250000e+01
   3.2187500e+01
   3.0000000e+01
   5.2812500e+01
   5.0625000e+01
   4.8875000e+01
   3.5312500e+01
   3.6750000e+01
   2.9937500e+01
   2.4750000e+01
   3.0937500e+01
   2.3562500e+01
   2.9500000e+01
   4.6250000e+01
   8.8750000e+01
   1.6281250e+02
   1.1193750e+02
   5.0937500e+01
   3.6375000e+01
   3.9500000e+01
   3.8375000e+01
   3.3875000e+01
   3.5375000e+01
   3.9500000e+01
   1.0956250e+02
   1.1181250e+02
   6.2000000e+01
   8.5312500e+01
   2.1375000e+02
   2.2593750e+02
   1.1500000e+02
   5.1250000e+01
   5.2000000e+01
   5.1562500e+01
   4.4875000e+01
   4.7875000e+01
   5.3062500e+01
   9.3312500e+01
   1.1862500e+02
   8.0250000e+01
   4.4937500e+01
   1.0050000e+02
   8.7750000e+01
   6.2937500e+01
   4.4937500e+01
   5.0062500e+01
   2.4456250e+02
   2.8325000e+02
   2.4675000e+02
   3.1318750e+02
   7.6312500e+01
   5.3750000e+01
   4.9437500e+01
   3.9625000e+01
   4.0875000e+01
   4.4937500e+01
   6.5562500e+01
   4.9812500e+01
   4.8875000e+01
   7.6750000e+01
   6.1000000e+01
   3.0312500e+01
   2.8000000e+01
   3.0187500e+01
   2.9875000e+01
   2.9687500e+01
   3.4187500e+01
   4.0687500e+01
   4.6187500e+01
   5.1687500e+01
   6.0437500e+01
   5.1250000e+01
   4.3625000e+01
   5.4687500e+01
   8.0500000e+01
   7.7437500e+01
   4.3312500e+01
   3.6000000e+01
   3.5375000e+01
   3.6312500e+01
   3.4250000e+01
   2.9125000e+01
   2.8687500e+01
   3.2062500e+01
   2.9687500e+01
   3.5062500e+01
   5.0500000e+01
   5.9437500e+01
   4.2125000e+01
   5.5375000e+01
   5.4750000e+01
   4.9125000e+01
   4.0187500e+01
   3.8000000e+01
   3.3312500e+01
   3.4875000e+01
   3.1187500e+01
   4.1500000e+01
   5.2312500e+01
   3.9687500e+01
   3.5437500e+01
   3.2687500e+01
   4.0812500e+01
   5.8750000e+01
   6.1750000e+01
   5.4750000e+01
   4.2937500e+01
   4.0812500e+01
   3.7187500e+01
   3.7937500e+01
   3.9187500e+01
   8.6562500e+01
   2.0793750e+02
   3.1068750e+02
   1.2775000e+02
   6.6562500e+01
   6.5562500e+01
   1.9506250e+02
   4.8406250e+02
   3.7968750e+02
   1.2162500e+02
   6.8562500e+01
   8.7875000e+01
   7.8500000e+01
   4.7687500e+01
   4.5875000e+01
   7.2375000e+01
   1.1893750e+02
   9.5187500e+01
   4.0812500e+01
   3.2750000e+01
   4.2062500e+01
   4.0250000e+01
   4.3625000e+01
   5.4687500e+01
   1.4993750e+02
   1.5281250e+02
   1.5900000e+02
   1.8700000e+02
   2.3243750e+02
   1.5275000e+02
   1.2450000e+02
   2.8437500e+02
   5.1562500e+02
   4.7793750e+02
   4.8293750e+02
   6.3106250e+02
   3.9081250e+02
   1.9600000e+02
   2.1412500e+02
   2.2893750e+02
   1.6081250e+02
   7.5750000e+01
   8.1562500e+01
   2.4393750e+02
   2.2987500e+02
   1.2687500e+02
   2.1612500e+02
   2.7056250e+02
   2.7918750e+02
   3.8937500e+02
   2.0162500e+02
   1.2431250e+02
   2.6787500e+02
   3.7262500e+02
   2.7006250e+02
   2.9431250e+02
   2.9556250e+02
   9.4312500e+01
   1.3137500e+02
   2.1968750e+02
   2.5831250e+02
   3.2818750e+02
   4.3912500e+02
   3.5943750e+02
   1.3262500e+02
   4.8750000e+01
   6.4625000e+01
   9.0750000e+01
   1.2393750e+02
   1.9600000e+02
   3.3893750e+02
   4.1381250e+02
   2.3262500e+02
   2.2537500e+02
   5.5218750e+02
   5.1093750e+02
   2.1875000e+02
   2.2793750e+02
   3.4956250e+02
   4.3218750e+02
   6.3900000e+02
   8.0018750e+02
   7.0518750e+02
   9.1918750e+02
   1.1790625e+03
   1.0161250e+03
   6.3406250e+02
   6.1937500e+02
   1.0286250e+03
   7.9900000e+02
   4.8406250e+02
   3.9850000e+02
   4.9356250e+02
   4.4931250e+02
   1.7018750e+02
   1.6768750e+02
   2.2000000e+02
   3.8131250e+02
   6.7631250e+02
   9.5581250e+02
   1.0308750e+03
   6.3887500e+02
   4.6612500e+02
   1.9081250e+02
   2.3656250e+02
   6.1306250e+02
   6.9056250e+02
   3.3662500e+02
   3.9025000e+02
   5.4781250e+02
   4.2368750e+02
   1.5856250e+02
   3.9518750e+02
   4.5706250e+02
   4.3050000e+02
   6.3225000e+02
   3.5556250e+02
   1.5756250e+02
   2.6781250e+02
   6.4206250e+02
   7.8887500e+02
   4.7675000e+02
   2.1418750e+02
   1.7612500e+02
   7.6250000e+02
   8.6412500e+02
   7.7106250e+02
   8.5918750e+02
   6.6500000e+02
   7.4931250e+02
   5.5631250e+02
   2.8768750e+02
   4.8750000e+02
   5.0643750e+02
   5.5531250e+02
   6.7368750e+02
   6.6881250e+02
   5.8656250e+02
   6.1093750e+02
   8.2031250e+02
   6.6543750e+02
   1.5806250e+02
   1.7993750e+02
   4.9000000e+02
   4.8775000e+02
   5.7625000e+02
   1.0067500e+03
   7.5150000e+02
   3.3881250e+02
   2.0593750e+02
   6.7456250e+02
   1.0998750e+03
   9.0012500e+02
   8.9100000e+02
   1.0612500e+03
   5.7600000e+02
   6.5143750e+02
   1.1217500e+03
   1.1593750e+03
   8.8418750e+02
   7.8912500e+02
   5.0450000e+02
   1.9375000e+02
   1.3381250e+02
   1.0312500e+02
   9.3562500e+01
   6.2125000e+01
   5.3625000e+01
   7.9437500e+01
   1.6575000e+02
   2.3543750e+02
   2.7006250e+02
   2.7262500e+02
   1.8737500e+02
   7.1687500e+01
   5.3000000e+01
   4.8875000e+01
   7.8562500e+01
   7.5625000e+01
   1.2150000e+02
   2.2043750e+02
   1.2193750e+02
   5.5687500e+01
   1.7381250e+02
   1.9031250e+02
   2.4581250e+02
   1.9456250e+02
   1.3693750e+02
   1.0862500e+02
   1.9975000e+02
   3.0668750e+02
   2.8668750e+02
   3.6518750e+02
   3.4600000e+02
   4.5381250e+02
   4.5293750e+02
   3.2887500e+02
   1.6400000e+02
   2.2568750e+02
   2.4812500e+02
   3.7193750e+02
   3.2556250e+02
   1.0675000e+02
   7.8875000e+01
   1.6181250e+02
   1.6381250e+02
   9.7812500e+01
   1.2281250e+02
   2.0912500e+02
   3.6806250e+02
   5.2662500e+02
   8.1781250e+02
   5.7637500e+02
   3.1168750e+02
   2.6668750e+02
   2.3150000e+02
   1.2831250e+02
   1.4250000e+02
   2.4050000e+02
   2.6493750e+02
   2.1775000e+02
   1.5775000e+02
   1.9793750e+02
   2.2187500e+02
   2.6437500e+02
   3.0237500e+02
   2.3781250e+02
   1.4587500e+02
   1.4206250e+02
   2.7712500e+02
   2.9375000e+02
   2.2793750e+02
   1.3843750e+02
   1.4018750e+02
   1.7943750e+02
   1.7325000e+02
   1.4375000e+02
   1.9731250e+02
   4.6025000e+02
   4.2381250e+02
   1.1762500e+02
   2.1362500e+02
   5.0193750e+02
   5.6081250e+02
   5.1487500e+02
   6.1031250e+02
   5.1287500e+02
   3.9618750e+02
   3.6381250e+02
   1.5762500e+02
   1.0443750e+02
   9.2812500e+01
   1.1418750e+02
   3.5556250e+02
   3.6756250e+02
   4.3587500e+02
   4.0493750e+02
   2.6406250e+02
   2.2775000e+02
   1.8931250e+02
   1.1387500e+02
   8.4687500e+01
   9.2437500e+01
   1.2287500e+02
   2.5593750e+02
   1.4306250e+02
   6.7437500e+01
   5.5000000e+01
   5.8312500e+01
   2.1850000e+02
   1.7312500e+02
   4.1625000e+01
   4.4312500e+01
   3.9437500e+01
   3.4937500e+01
   3.8625000e+01
   3.6687500e+01
   3.9062500e+01
   5.4062500e+01
   5.2125000e+01
   5.3687500e+01
   5.5000000e+01
   4.1000000e+01
   4.1062500e+01
   3.9375000e+01
   5.6375000e+01
   1.9087500e+02
   1.9175000e+02
   2.5562500e+01
   6.2125000e+01
   1.0331250e+02
   9.7812500e+01
   1.1293750e+02
   1.3431250e+02
   8.5250000e+01
   1.3462500e+02
   1.2075000e+02
   7.1375000e+01
   7.1937500e+01
   6.9125000e+01
   8.5062500e+01
   9.4125000e+01
   1.8550000e+02
   1.1300000e+02
   6.3812500e+01
   4.0500000e+01
   2.9687500e+01
   4.4500000e+01
   4.8750000e+01
   4.0062500e+01
   3.0250000e+01
   3.1000000e+01
   3.7250000e+01
   1.7087500e+02
   1.9593750e+02
   7.3437500e+01
   5.4937500e+01
   8.1062500e+01
   1.3118750e+02
   1.2543750e+02
   5.1437500e+01
   5.9000000e+01
   6.6375000e+01
   4.9812500e+01
   5.1625000e+01
   7.5562500e+01
   1.6243750e+02
   1.5200000e+02
   5.4500000e+01
   4.1000000e+01
   3.1562500e+01
   3.3062500e+01
   4.7437500e+01
   5.3187500e+01
   1.7900000e+02
   3.0400000e+02
   2.2012500e+02
   1.5468750e+02
   5.5062500e+01
   3.8375000e+01
   5.0562500e+01
   7.4187500e+01
   8.1437500e+01
   7.3625000e+01
   1.8806250e+02
   3.5418750e+02
   4.9318750e+02
   2.9331250e+02
   2.5593750e+02
   2.5737500e+02
   1.8018750e+02
   1.3581250e+02
   1.3600000e+02
   1.2975000e+02
   3.8118750e+02
   2.8425000e+02
   7.1375000e+01
   4.0937500e+01
   4.8750000e+01
   2.5000000e+01
   7.7812500e+01
   2.5012500e+02
   1.8475000e+02
   6.2250000e+01
   5.7375000e+01
   9.9125000e+01
   1.0243750e+02
   6.7562500e+01
   9.0125000e+01
   8.7812500e+01
   1.0825000e+02
   1.1762500e+02
   8.7812500e+01
   4.2187500e+01
   3.7937500e+01
   6.0250000e+01
   4.1750000e+01
   3.3250000e+01
   3.2687500e+01
   3.9187500e+01
   6.5125000e+01
   6.5562500e+01
   5.2000000e+01
   4.7812500e+01
   4.8562500e+01
   4.8625000e+01
   4.7937500e+01
   4.9062500e+01
   4.5250000e+01
   5.0250000e+01
   4.2675000e+02
   4.2206250e+02
   5.0662500e+02
   6.3150000e+02
   9.9250000e+01
   4.8187500e+01
   4.6625000e+01
   1.1181250e+02
   1.1818750e+02
   5.7250000e+01
   2.1550000e+02
   1.8806250e+02
   6.9625000e+01
   3.5937500e+01
   9.2687500e+01
   1.3443750e+02
   1.3868750e+02
   9.1125000e+01
   5.4687500e+01
   4.5187500e+01
   4.2062500e+01
   4.2312500e+01
   3.6375000e+01
   1.3606250e+02
   1.8400000e+02
   2.0606250e+02
   2.4375000e+02
   1.2668750e+02
   7.3687500e+01
   6.5375000e+01
   8.1500000e+01
   8.8500000e+01
   1.3625000e+02
   1.2606250e+02
   4.9625000e+01
   4.8000000e+01
   4.2312500e+01
   4.5000000e+01
   8.2187500e+01
   1.3156250e+02
   1.9087500e+02
   2.3675000e+02
   1.8137500e+02
   4.5187500e+01
   4.8937500e+01
   5.2812500e+01
   6.4062500e+01
   5.7000000e+01
   3.0187500e+01
   2.6187500e+01
   3.6937500e+01
   4.4062500e+01
   5.3187500e+01
   6.8812500e+01
   5.4500000e+01
   4.2500000e+01
   1.4600000e+02
   2.2112500e+02
   7.1500000e+01
   4.2937500e+01
   4.2187500e+01
   4.4187500e+01
   4.5937500e+01
   4.3000000e+01
   1.0837500e+02
   1.4900000e+02
   9.1250000e+01
   4.7000000e+01
   4.9500000e+01
   4.2000000e+01
   4.6500000e+01
   6.6875000e+01
   7.6187500e+01
   3.9750000e+01
   8.8062500e+01
   9.8812500e+01
   5.9750000e+01
   4.3437500e+01
   4.5937500e+01
   4.4625000e+01
   5.2250000e+01
   5.4625000e+01
   4.2312500e+01
   3.8125000e+01
   2.9437500e+01
   3.3875000e+01
   5.2812500e+01
   5.2625000e+01
   4.7750000e+01
   5.1375000e+01
   4.8750000e+01
   4.3125000e+01
   4.6312500e+01
   8.3187500e+01
   1.0850000e+02
   6.1312500e+01
   8.1437500e+01
   1.9487500e+02
   1.8993750e+02
   2.5000000e+02
   4.3137500e+02
   5.0075000e+02
   4.0975000e+02
   5.5993750e+02
   6.6006250e+02
   4.1587500e+02
   2.8825000e+02
   3.3750000e+02
   4.0237500e+02
   2.6850000e+02
   1.2425000e+02
   1.5875000e+02
   5.3037500e+02
   6.0200000e+02
   6.3393750e+02
   4.8756250e+02
   2.5787500e+02
   3.8425000e+02
   4.4731250e+02
   2.3737500e+02
   1.1743750e+02
   2.4400000e+02
   5.1600000e+02
   6.7543750e+02
   3.9962500e+02
   2.0731250e+02
   3.5718750e+02
   5.3000000e+02
   3.6956250e+02
   2.4293750e+02
   1.6631250e+02
   1.6031250e+02
   2.0325000e+02
   3.2650000e+02
   2.3575000e+02
   1.5956250e+02
   9.8875000e+01
   1.6362500e+02
   1.8243750e+02
   4.5812500e+01
   2.7750000e+01
   4.9312500e+01
   5.9000000e+01
   5.7500000e+01
   1.9750000e+02
   2.6325000e+02
   3.1368750e+02
   1.7687500e+02
   1.4218750e+02
   2.4350000e+02
   2.3531250e+02
   1.3268750e+02
   4.4812500e+01
   3.7562500e+01
   4.4812500e+01
   6.2000000e+01
   8.6125000e+01
   2.2831250e+02
   2.2243750e+02
   4.4500000e+01
   1.1775000e+02
   3.0806250e+02
   2.9793750e+02
   1.9018750e+02
   2.9743750e+02
   2.0600000e+02
   1.0700000e+02
   3.7081250e+02
   3.7606250e+02
   2.0318750e+02
   3.1287500e+02
   2.9812500e+02
   1.7906250e+02
   1.2587500e+02
   2.4650000e+02
   3.3268750e+02
   3.2193750e+02
   3.1525000e+02
   4.6556250e+02
   3.8187500e+02
   1.8156250e+02
   1.0450000e+02
   9.1687500e+01
   1.7000000e+02
   1.7393750e+02
   2.5831250e+02
   2.3443750e+02
   1.1831250e+02
   4.8875000e+01
   3.5625000e+01
   2.2937500e+01
   2.9687500e+01
   1.6725000e+02
   2.4187500e+02
   1.6087500e+02
   1.7393750e+02
   2.4018750e+02
   2.3518750e+02
   1.6862500e+02
   1.5993750e+02
   2.4100000e+02
   1.9681250e+02
   1.7087500e+02
   8.7000000e+01
   4.8187500e+01
   9.5937500e+01
   1.3193750e+02
   3.7812500e+01
   3.0437500e+01
   1.7843750e+02
   2.2962500e+02
   2.2675000e+02
   2.1131250e+02
   1.1381250e+02
   6.2125000e+01
   4.4562500e+01
   3.2125000e+01
   1.9375000e+01
   2.1687500e+01
   3.6000000e+01
   2.9250000e+01
   4.9750000e+01
   2.5562500e+02
   2.6462500e+02
   1.1450000e+02
   7.2187500e+01
   3.7000000e+01
   4.4500000e+01
   4.8250000e+01
   3.6750000e+01
   2.8875000e+01
   3.7750000e+01
   5.2812500e+01
   6.3000000e+01
   1.6612500e+02
   3.2500000e+02
   3.5081250e+02
   3.2425000e+02
   2.5525000e+02
   1.6193750e+02
   1.5912500e+02
   6.2250000e+01
   4.0625000e+01
   3.7437500e+01
   3.8437500e+01
   4.0687500e+01
   8.1875000e+01
   8.1875000e+01
   6.4500000e+01
   7.1375000e+01
   8.9000000e+01
   1.1293750e+02
   1.5318750e+02
   1.7143750e+02
   3.4818750e+02
   4.4687500e+02
   2.9037500e+02
   2.8981250e+02
   2.3875000e+02
   1.7950000e+02
   6.7006250e+02
   6.4131250e+02
   5.3625000e+02
   5.1056250e+02
   4.0187500e+02
   3.8156250e+02
   5.1837500e+02
   6.3062500e+02
   4.2362500e+02
   6.0950000e+02
   4.0543750e+02
   4.9037500e+02
   3.0056250e+02
   1.6762500e+02
   2.4250000e+02
   1.6837500e+02
   4.8437500e+01
   9.4812500e+01
   2.7643750e+02
   2.4087500e+02
   2.1843750e+02
   2.3350000e+02
   3.2925000e+02
   3.3656250e+02
   6.4887500e+02
   4.1081250e+02
   2.1850000e+02
   1.9443750e+02
   1.0131250e+02
   1.4887500e+02
   2.1718750e+02
   2.5562500e+02
   9.7875000e+01
   6.1062500e+01
   6.2125000e+01
   1.3218750e+02
   1.8293750e+02
   3.0787500e+02
   2.2718750e+02
   7.2375000e+01
   9.9562500e+01
   1.2612500e+02
   1.4106250e+02
   1.3487500e+02
   1.7450000e+02
   2.5050000e+02
   3.9743750e+02
   5.1287500e+02
   6.8206250e+02
   6.2981250e+02
   6.5037500e+02
   7.8206250e+02
   4.3568750e+02
   2.6075000e+02
   1.9950000e+02
   1.0506250e+02
   5.3875000e+01
   7.2500000e+01
   8.4562500e+01
   2.0006250e+02
   3.2550000e+02
   3.4062500e+02
   6.3781250e+02
   6.9462500e+02
   8.9812500e+02
   7.7218750e+02
   6.1787500e+02
   8.0856250e+02
   7.3193750e+02
   5.9393750e+02
   7.1343750e+02
   6.6775000e+02
   5.3893750e+02
   3.7193750e+02
   2.8325000e+02
   2.2300000e+02
   2.9768750e+02
   2.1162500e+02
   2.3062500e+02
   2.6150000e+02
   2.1718750e+02
   2.4125000e+02
   2.8781250e+02
   3.7950000e+02
   6.8225000e+02
   6.5318750e+02
   4.6606250e+02
   2.6137500e+02
   8.1000000e+01
   2.3993750e+02
   2.7800000e+02
   2.2862500e+02
   2.1406250e+02
   3.0343750e+02
   4.5262500e+02
   3.3437500e+02
   3.6550000e+02
   5.0981250e+02
   5.2562500e+02
   5.2468750e+02
   3.7256250e+02
   2.6681250e+02
   1.6793750e+02
   5.2000000e+01
   5.2937500e+01
   6.5375000e+01
   6.5250000e+01
   1.6537500e+02
   1.8550000e+02
   6.0000000e+01
   5.4625000e+01
   5.2750000e+01
   6.6187500e+01
   8.3250000e+01
   1.3462500e+02
   1.2393750e+02
   1.9912500e+02
   3.4862500e+02
   5.4275000e+02
   4.4862500e+02
   5.3156250e+02
   6.5837500e+02
   7.4593750e+02
   3.2756250e+02
   5.7125000e+01
   4.9062500e+01
   8.0187500e+01
   1.5712500e+02
   1.6150000e+02
   1.5318750e+02
   1.2000000e+02
   9.7750000e+01
   1.1593750e+02
   2.3668750e+02
   3.3312500e+02
   1.5393750e+02
   5.6187500e+01
   5.8375000e+01
   5.9812500e+01
   7.5625000e+01
   9.2125000e+01
   2.4575000e+02
   5.6506250e+02
   4.1118750e+02
   2.4862500e+02
   2.0843750e+02
   1.4643750e+02
   6.1875000e+01
   4.6937500e+01
   8.7937500e+01
   1.7368750e+02
   1.1718750e+02
   8.5500000e+01
   4.4875000e+01
   5.9625000e+01
   1.2406250e+02
   1.7968750e+02
   1.9956250e+02
   8.8125000e+01
   5.5312500e+01
   5.1687500e+01
   3.6000000e+01
   6.8687500e+01
   1.3981250e+02
   7.1375000e+01
   1.3025000e+02
   2.6275000e+02
   1.4231250e+02
   8.6562500e+01
   7.8687500e+01
   4.3500000e+01
   3.5125000e+01
   1.3406250e+02
   1.7143750e+02
   6.4250000e+01
   1.8050000e+02
   1.5187500e+02
   5.9500000e+01
   4.4500000e+01
   3.9125000e+01
   3.5375000e+01
   3.2312500e+01
   3.6312500e+01
   3.7000000e+01
   3.5375000e+01
   2.6937500e+01
   2.6062500e+01
   4.3625000e+01
   9.1125000e+01
   5.9625000e+01
   7.1750000e+01
   8.8375000e+01
   1.1850000e+02
   1.0531250e+02
   7.3375000e+01
   9.3625000e+01
   5.8062500e+01
   3.9187500e+01
   3.6437500e+01
   3.7250000e+01
   3.8000000e+01
   3.6000000e+01
   3.4312500e+01
   3.8625000e+01
   3.6687500e+01
   3.8562500e+01
   4.2562500e+01
   4.7437500e+01
   4.6812500e+01
   5.7125000e+01
   6.3750000e+01
   6.5750000e+01
   5.4187500e+01
   5.9875000e+01
   6.9625000e+01
   8.2250000e+01
   2.1481250e+02
   4.7968750e+02
   3.5081250e+02
   3.8387500e+02
   2.9987500e+02
   1.1568750e+02
   5.8375000e+01
   5.3062500e+01
   5.4750000e+01
   5.1000000e+01
   4.7375000e+01
   5.2937500e+01
   4.8250000e+01
   6.1062500e+01
   7.9687500e+01
   6.0000000e+01
   4.9562500e+01
   5.0187500e+01
   9.5812500e+01
   1.1993750e+02
   1.7843750e+02
   2.1837500e+02
   1.5106250e+02
   1.0737500e+02
   1.5275000e+02
   2.1687500e+02
   2.5068750e+02
   1.2975000e+02
   6.0437500e+01
   6.2812500e+01
   4.2937500e+01
   6.0125000e+01
   6.4250000e+01
   4.4562500e+01
   3.0062500e+01
   2.2562500e+01
   3.0125000e+01
   4.5875000e+01
   8.4375000e+01
   9.3937500e+01
   6.0000000e+01
   5.9625000e+01
   4.9875000e+01
   3.8875000e+01
   8.2937500e+01
   9.9250000e+01
   6.2812500e+01
   5.4000000e+01
   9.4812500e+01
   1.9181250e+02
   6.2850000e+02
   8.4593750e+02
   5.2193750e+02
   6.1431250e+02
   5.6681250e+02
   4.4168750e+02
   3.3956250e+02
   2.9437500e+02
   2.5137500e+02
   2.0187500e+02
   2.1637500e+02
   1.6625000e+02
   1.0868750e+02
   7.6625000e+01
   8.6000000e+01
   9.0062500e+01
   9.6500000e+01
   7.8250000e+01
   6.3187500e+01
   9.5750000e+01
   2.3218750e+02
   3.1450000e+02
   3.6787500e+02
   3.4262500e+02
   7.1925000e+02
   6.6450000e+02
   2.4006250e+02
   1.7175000e+02
   5.9606250e+02
   6.5731250e+02
   4.9981250e+02
   5.5693750e+02
   6.7531250e+02
   3.6481250e+02
   3.1362500e+02
   2.2356250e+02
   2.8800000e+02
   4.4993750e+02
   3.3706250e+02
   4.7831250e+02
   5.3400000e+02
   3.4525000e+02
   3.0218750e+02
   3.1668750e+02
   2.3112500e+02
   2.0125000e+02
   2.0356250e+02
   1.0112500e+02
   7.0625000e+01
   7.6250000e+01
   1.1450000e+02
   4.1100000e+02
   5.4118750e+02
   5.8868750e+02
   8.6612500e+02
   7.5612500e+02
   4.0793750e+02
   1.1737500e+02
   6.9250000e+01
   5.8500000e+01
   5.5062500e+01
   4.6625000e+01
   4.4375000e+01
   4.1125000e+01
   4.7312500e+01
   5.1187500e+01
   5.0000000e+01
   5.1875000e+01
   5.9437500e+01
   1.1400000e+02
   5.2112500e+02
   8.6475000e+02
   6.5587500e+02
   4.5937500e+02
   4.5643750e+02
   2.1993750e+02
   7.4625000e+01
   4.6812500e+01
   6.3625000e+01
   1.3937500e+02
   3.0262500e+02
   3.2775000e+02
   2.2768750e+02
   2.6100000e+02
   2.4325000e+02
   1.7150000e+02
   1.0718750e+02
   5.6812500e+01
   4.9375000e+01
   4.7187500e+01
   9.9062500e+01
   1.1693750e+02
   1.8287500e+02
   1.7181250e+02
   1.7818750e+02
   9.9000000e+01
   1.1787500e+02
   1.5337500e+02
   8.0062500e+01
   3.5937500e+01
   3.5562500e+01
   6.9062500e+01
   1.3218750e+02
   8.8750000e+01
   1.1062500e+02
   2.5168750e+02
   3.9306250e+02
   2.1862500e+02
   8.7625000e+01
   1.7712500e+02
   2.1918750e+02
   1.2212500e+02
   5.8875000e+01
   6.1000000e+01
   1.2637500e+02
   1.3931250e+02
   8.0125000e+01
   4.2062500e+01
   6.1375000e+01
   1.0656250e+02
   2.6731250e+02
   3.2506250e+02
   2.0537500e+02
   3.6075000e+02
   2.4062500e+02
   1.1700000e+02
   8.5437500e+01
   2.2312500e+02
   2.0556250e+02
   1.3356250e+02
   1.0543750e+02
   8.8437500e+01
   1.5775000e+02
   1.5787500e+02
   8.6500000e+01
   6.7750000e+01
   7.2187500e+01
   1.4006250e+02
   1.0725000e+02
   6.6562500e+01
   5.7812500e+01
   5.1062500e+01
   1.0137500e+02
   1.3756250e+02
   1.2343750e+02
   1.1475000e+02
   1.0750000e+02
   6.8312500e+01
   8.9812500e+01
   1.8112500e+02
   2.1962500e+02
   2.2912500e+02
   2.3825000e+02
   1.4531250e+02
   1.0918750e+02
   8.1250000e+01
   1.9481250e+02
   2.8362500e+02
   5.5606250e+02
   5.9831250e+02
   3.0225000e+02
   1.8318750e+02
   2.3612500e+02
   1.5687500e+02
   6.4687500e+01
   3.7437500e+01
   3.5500000e+01
   5.3000000e+01
   5.9687500e+01
   9.7625000e+01
   1.6187500e+02
   2.9537500e+02
   3.8800000e+02
   2.7868750e+02
   3.7481250e+02
   4.4206250e+02
   3.1081250e+02
   2.9175000e+02
   3.9193750e+02
   5.1662500e+02
   6.4556250e+02
   5.4150000e+02
   5.3068750e+02
   4.7556250e+02
   2.5637500e+02
   3.4406250e+02
   2.4556250e+02
   1.0437500e+02
   1.0531250e+02
   2.1381250e+02
   2.6850000e+02
   1.9100000e+02
   2.5250000e+02
   1.6818750e+02
   5.2687500e+01
   3.3062500e+01
   3.1000000e+01
   2.3243750e+02
   1.9425000e+02
   9.7562500e+01
   6.2687500e+01
   2.8106250e+02
   5.2875000e+02
   6.0318750e+02
   4.2525000e+02
   1.6825000e+02
   1.7081250e+02
   3.5350000e+02
   4.7768750e+02
   5.3881250e+02
   4.5225000e+02
   5.2350000e+02
   5.4112500e+02
   8.6887500e+02
   8.0712500e+02
   6.7481250e+02
   7.1381250e+02
   3.9018750e+02
   1.0237500e+02
   1.3300000e+02
   1.0206250e+02
   8.0750000e+01
   8.7750000e+01
   6.2937500e+01
   6.7812500e+01
   7.8750000e+01
   8.0875000e+01
   4.6937500e+01
   9.5562500e+01
   1.7050000e+02
   2.4112500e+02
   4.0837500e+02
   4.0537500e+02
   2.5562500e+02
   2.5075000e+02
   2.3512500e+02
   5.3737500e+02
   5.6981250e+02
   2.3500000e+02
   1.8356250e+02
   2.1006250e+02
   1.5093750e+02
   1.3550000e+02
   1.2581250e+02
   7.0312500e+01
   4.9500000e+01
   1.2168750e+02
   2.0806250e+02
   1.8443750e+02
   2.5725000e+02
   5.7718750e+02
   5.8762500e+02
   7.4962500e+02
   7.1000000e+02
   5.6281250e+02
   4.8793750e+02
   2.6737500e+02
   2.4218750e+02
   2.6437500e+02
   4.0368750e+02
   4.2662500e+02
   4.3737500e+02
   5.0762500e+02
   5.1043750e+02
   6.5787500e+02
   6.2925000e+02
   5.2112500e+02
   7.1481250e+02
   5.8756250e+02
   7.0468750e+02
   8.0581250e+02
   5.1450000e+02
   4.0781250e+02
   2.5243750e+02
   4.7075000e+02
   4.5668750e+02
   3.2481250e+02
   3.2431250e+02
   1.9343750e+02
   2.5381250e+02
   3.3843750e+02
   3.5206250e+02
   4.5581250e+02
   3.7368750e+02
   2.2931250e+02
   6.9500000e+01
   3.7287500e+02
   8.4206250e+02
   7.1456250e+02
   4.4600000e+02
   3.6200000e+02
   4.0400000e+02
   1.6106250e+02
   1.3793750e+02
   2.2818750e+02
   2.5881250e+02
   2.1462500e+02
   1.8912500e+02
   2.8387500e+02
   1.9656250e+02
   3.0768750e+02
   2.7575000e+02
   2.7093750e+02
   3.3225000e+02
   4.6887500e+02
   6.6125000e+02
   4.0356250e+02
   2.1425000e+02
   3.3868750e+02
   1.7637500e+02
   1.4875000e+02
   1.2900000e+02
   8.1062500e+01
   9.4687500e+01
   1.3500000e+02
   7.8500000e+01
   4.5437500e+01
   7.4125000e+01
   8.3312500e+01
   1.0687500e+02
   4.7937500e+01
   4.9125000e+01
   1.3437500e+02
   1.5031250e+02
   9.9625000e+01
   3.9562500e+01
   4.3125000e+01
   4.4625000e+01
   3.4875000e+01
   3.2187500e+01
   4.0562500e+01
   3.6500000e+01
   3.4187500e+01
   3.4500000e+01
   2.7312500e+01
   2.4000000e+01
   3.6000000e+01
   1.5125000e+02
   2.3218750e+02
   1.6175000e+02
   8.0875000e+01
   1.7993750e+02
   2.3637500e+02
   1.0425000e+02
   3.9875000e+01
   3.1937500e+01
   2.8687500e+01
   3.8250000e+01
   3.3687500e+01
   3.3125000e+01
   7.5812500e+01
   3.6375000e+01
   2.3437500e+01
   4.2687500e+01
   8.6250000e+01
   1.4456250e+02
   9.6125000e+01
   8.2562500e+01
   8.0437500e+01
   7.4250000e+01
   1.2625000e+02
   7.0937500e+01
   9.7562500e+01
   9.1187500e+01
   1.5281250e+02
   1.6906250e+02
   1.1456250e+02
   9.5375000e+01
   1.6775000e+02
   1.7325000e+02
   1.0831250e+02
   1.5518750e+02
   2.5862500e+02
   3.4437500e+02
   3.9618750e+02
   3.0968750e+02
   2.3712500e+02
   1.7568750e+02
   1.6143750e+02
   1.5962500e+02
   9.9625000e+01
   6.9062500e+01
   7.9437500e+01
   8.9812500e+01
   9.0187500e+01
   9.9312500e+01
   4.0500000e+01
   3.6125000e+01
   8.7125000e+01
   8.5875000e+01
   5.8750000e+01
   7.0750000e+01
   2.9625000e+01
   3.2062500e+01
   5.3437500e+01
   2.8062500e+01
   4.0937500e+01
   3.5812500e+01
   3.3687500e+01
   2.1562500e+01
   3.0687500e+01
   6.0312500e+01
   9.4750000e+01
   1.0931250e+02
   1.0306250e+02
   4.7000000e+01
   2.8250000e+01
   2.4437500e+01
   2.2750000e+01
   2.0000000e+01
   2.1062500e+01
   2.3125000e+01
   2.7562500e+01
   3.2187500e+01
   1.0856250e+02
   1.1350000e+02
   4.6250000e+01
   1.3175000e+02
   1.9531250e+02
   1.1618750e+02
   5.4687500e+01
   2.9062500e+01
   4.0937500e+01
   6.8187500e+01
   6.2687500e+01
   1.2093750e+02
   8.5875000e+01
   9.8625000e+01
   2.7650000e+02
   2.9412500e+02
   1.4250000e+02
   1.0018750e+02
   3.1912500e+02
   2.7368750e+02
   1.9481250e+02
   2.7987500e+02
   1.8581250e+02
   1.5981250e+02
   1.8450000e+02
   2.1912500e+02
   2.4268750e+02
   7.9687500e+01
   5.3437500e+01
   7.6500000e+01
   5.2687500e+01
   6.2937500e+01
   4.9437500e+01
   4.5937500e+01
   3.9437500e+01
   4.1437500e+01
   6.3062500e+01
   7.5875000e+01
   8.8000000e+01
   8.1875000e+01
   1.4781250e+02
   1.3850000e+02
   7.6000000e+01
   4.3812500e+01
   3.9250000e+01
   4.5062500e+01
   4.0000000e+01
   4.8312500e+01
   4.9937500e+01
   3.9500000e+01
   4.1375000e+01
   2.4437500e+01
   1.2000000e+02
   1.6356250e+02
   7.0187500e+01
   1.1200000e+02
   1.7956250e+02
   1.5393750e+02
   7.9625000e+01
   7.1000000e+01
   6.0000000e+01
   4.8250000e+01
   3.6562500e+01
   3.9000000e+01
   3.5875000e+01
   2.8250000e+01
   2.0937500e+01
   2.5437500e+01
   2.6500000e+01
   2.7500000e+01
   3.4625000e+01
   3.4187500e+01
   3.5250000e+01
   3.0437500e+01
   2.3250000e+01
   2.7562500e+01
   2.1750000e+01
   1.9875000e+01
   2.3125000e+01
   1.6437500e+01
   2.1125000e+01
   2.3375000e+01
   3.3875000e+01
   4.7937500e+01
   3.4937500e+01
   7.1062500e+01
   1.6343750e+02
   9.1062500e+01
   5.5375000e+01
   5.1937500e+01
   5.1250000e+01
   3.3750000e+01
   8.2625000e+01
   1.3275000e+02
   6.8625000e+01
   3.5687500e+01
   3.1875000e+01
   2.8687500e+01
   3.9375000e+01
   7.6437500e+01
   6.6187500e+01
   3.4812500e+01
   3.5062500e+01
   3.4187500e+01
   4.7875000e+01
   7.9562500e+01
   8.6812500e+01
   1.5381250e+02
   1.0600000e+02
   4.9562500e+01
   4.7500000e+01
   3.4250000e+01
   2.6062500e+01
   2.9500000e+01
   3.8375000e+01
   3.4687500e+01
   2.1125000e+01
   2.4875000e+01
   2.5187500e+01
   2.6875000e+01
   5.0187500e+01
   4.7625000e+01
   3.3937500e+01
   2.2625000e+01
   1.8125000e+01
   3.0000000e+01
   4.5625000e+01
   3.7625000e+01
   3.6125000e+01
   3.3375000e+01
   2.1375000e+01
   1.6937500e+01
   1.5187500e+01
   1.2875000e+01
   1.3750000e+01
   1.3937500e+01
   1.1750000e+01
   8.7500000e+00
   5.4375000e+00
   1.0250000e+01
   1.2375000e+01
   1.9875000e+01
   2.4750000e+01
   2.0625000e+01
   1.7812500e+01
   2.4875000e+01
   3.4437500e+01
   3.1000000e+01
   2.5812500e+01
   2.3625000e+01
   2.4125000e+01
   2.0562500e+01
   1.2375000e+01
   1.2062500e+01
   1.1875000e+01
   1.3312500e+01
   1.7750000e+01
   1.0225000e+02
   1.2450000e+02
   1.5393750e+02
   2.2743750e+02
   1.2493750e+02
   6.3750000e+01
   6.5125000e+01
   1.3300000e+02
   1.3587500e+02
   4.2500000e+01
   8.6312500e+01
   1.4137500e+02
   2.9118750e+02
   3.2587500e+02
   1.6368750e+02
   1.2006250e+02
   9.0312500e+01
   6.8562500e+01
   5.0750000e+01
   4.5250000e+01
   4.7625000e+01
   4.1375000e+01
   5.0187500e+01
   3.6000000e+01
   4.4187500e+01
   5.8187500e+01
   4.5187500e+01
   5.7187500e+01
   9.2312500e+01
   1.5806250e+02
   2.5500000e+02
   2.3893750e+02
   2.3093750e+02
   5.4187500e+02
   5.3306250e+02
   3.3437500e+02
   3.9731250e+02
   2.0787500e+02
   2.2137500e+02
   8.4000000e+01
   1.1075000e+02
   1.3637500e+02
   8.4750000e+01
   1.0337500e+02
   1.9306250e+02
   1.2425000e+02
   9.0187500e+01
   1.5193750e+02
   1.7768750e+02
   3.7162500e+02
   4.9662500e+02
   2.9487500e+02
   2.6243750e+02
   3.9493750e+02
   3.6962500e+02
   4.0893750e+02
   3.6881250e+02
   4.0906250e+02
   4.3981250e+02
   4.0781250e+02
   2.5868750e+02
   2.5793750e+02
   1.9931250e+02
   8.2000000e+01
   1.1256250e+02
   1.6143750e+02
   1.2731250e+02
   2.4206250e+02
   2.3787500e+02
   1.1550000e+02
   7.0812500e+01
   2.1362500e+02
   3.6893750e+02
   2.7218750e+02
   7.7000000e+01
   4.0437500e+01
   6.2000000e+01
   1.9087500e+02
   6.2937500e+02
   6.4968750e+02
   1.9425000e+02
   1.0737500e+02
   7.9750000e+01
   1.2487500e+02
   1.3450000e+02
   1.6450000e+02
   8.6000000e+01
   9.1937500e+01
   1.7568750e+02
   1.7706250e+02
   5.3687500e+01
   2.6375000e+01
   2.7062500e+01
   2.7625000e+01
   3.1812500e+01
   3.1375000e+01
   2.5562500e+01
   2.7250000e+01
   3.1812500e+01
   8.5500000e+01
   2.1750000e+02
   2.0681250e+02
   3.7625000e+01
   4.1375000e+01
   1.3481250e+02
   2.5631250e+02
   6.0981250e+02
   7.5362500e+02
   4.9531250e+02
   8.4606250e+02
   1.2645625e+03
   1.0923750e+03
   8.7062500e+02
   8.1018750e+02
   8.1506250e+02
   8.2275000e+02
   5.5825000e+02
   3.8443750e+02
   4.6906250e+02
   3.4562500e+02
   1.4875000e+02
   2.1637500e+02
   3.7118750e+02
   3.6868750e+02
   2.8012500e+02
   2.8118750e+02
   3.4993750e+02
   3.2962500e+02
   4.1168750e+02
   8.6025000e+02
   6.0818750e+02
   4.6625000e+02
   6.5687500e+02
   5.6862500e+02
   3.5606250e+02
   2.2262500e+02
   2.1837500e+02
   2.3512500e+02
   3.8643750e+02
   3.0087500e+02
   2.3762500e+02
   2.7912500e+02
   2.2162500e+02
   4.8862500e+02
   6.0587500e+02
   5.5643750e+02
   8.7200000e+02
   7.0725000e+02
   9.5425000e+02
   5.6375000e+02
   1.4000000e+02
   1.7181250e+02
   3.9893750e+02
   3.4631250e+02
   1.6968750e+02
   2.2706250e+02
   2.4356250e+02
   2.4593750e+02
   2.8181250e+02
   3.0331250e+02
   2.8418750e+02
   1.3331250e+02
   1.3987500e+02
   3.3175000e+02
   2.2562500e+02
   6.9625000e+01
   5.7500000e+01
   1.5187500e+02
   1.6731250e+02
   6.6750000e+01
   7.8375000e+01
   8.2000000e+01
   5.9687500e+01
   5.8687500e+01
   1.7237500e+02
   4.3218750e+02
   4.9518750e+02
   2.1500000e+02
   1.1500000e+02
   2.1562500e+02
   3.8381250e+02
   5.6050000e+02
   6.2250000e+02
   3.5437500e+02
   3.6275000e+02
   4.1331250e+02
   4.2712500e+02
   1.8643750e+02
   1.6075000e+02
   1.8200000e+02
   8.8937500e+01
   1.8575000e+02
   2.3162500e+02
   1.6593750e+02
   1.2093750e+02
   1.3256250e+02
   2.1218750e+02
   2.1400000e+02
   1.5618750e+02
   9.5750000e+01
   9.3062500e+01
   1.7481250e+02
   2.7181250e+02
   3.2875000e+02
   1.5262500e+02
   1.0106250e+02
   6.0437500e+01
   2.6250000e+01
   2.0937500e+01
   2.7562500e+01
   2.9312500e+01
   3.4500000e+01
   6.9875000e+01
   1.3000000e+02
   7.8437500e+01
   6.3812500e+01
   1.0062500e+02
   1.8318750e+02
   1.2831250e+02
   4.3937500e+01
   4.7062500e+01
   4.5187500e+01
   5.8750000e+01
   5.2625000e+01
   9.3062500e+01
   8.1625000e+01
   8.3000000e+01
   7.7375000e+01
   1.5068750e+02
   1.5275000e+02
   4.5562500e+01
   4.2937500e+01
   1.2112500e+02
   3.3218750e+02
   3.7356250e+02
   5.0731250e+02
   6.2887500e+02
   8.8843750e+02
   8.4306250e+02
   3.0900000e+02
   1.5143750e+02
   9.0625000e+01
   6.9500000e+01
   5.8062500e+01
   3.4875000e+01
   6.7687500e+01
   1.6875000e+02
   1.9231250e+02
   1.1800000e+02
   1.7100000e+02
   2.8575000e+02
   3.8925000e+02
   2.9893750e+02
   1.3456250e+02
   1.2318750e+02
   2.2931250e+02
   2.5343750e+02
   1.9425000e+02
   1.5287500e+02
   1.1706250e+02
   1.6475000e+02
   9.1937500e+01
   1.5062500e+02
   2.8787500e+02
   4.3287500e+02
   4.7056250e+02
   4.6275000e+02
   3.0475000e+02
   1.7937500e+02
   1.3812500e+02
   9.6187500e+01
   7.0875000e+01
   1.8625000e+02
   2.5337500e+02
   1.4937500e+02
   2.4256250e+02
   4.3268750e+02
   3.3393750e+02
   2.1331250e+02
   1.1612500e+02
   6.7125000e+01
   1.0243750e+02
   9.7875000e+01
   1.4843750e+02
   1.1400000e+02
   4.2750000e+01
   4.6000000e+01
   5.6125000e+01
   5.0125000e+01
   6.4000000e+01
   7.1875000e+01
   7.8250000e+01
   2.1118750e+02
   5.0062500e+02
   5.6518750e+02
   3.9462500e+02
   2.9618750e+02
   2.7518750e+02
   1.1637500e+02
   7.0812500e+01
   6.7000000e+01
   6.0500000e+01
   5.5187500e+01
   5.6375000e+01
   6.4687500e+01
   7.7625000e+01
   8.4625000e+01
   2.1381250e+02
   2.1131250e+02
   1.1925000e+02
   1.3762500e+02
   7.5706250e+02
   5.7518750e+02
   5.4143750e+02
   4.4725000e+02
   3.3631250e+02
   2.6818750e+02
