2 1 2007 4416.68 4467.45 4403.61 4466.62 258145 
3 1 2007 4467.66 4509.92 4464.87 4491.67 355738 
4 1 2007 4495.52 4536.69 4460.99 4536.69 350313 
5 1 2007 4513.04 4560.14 4510.26 4560.14 524977 
8 1 2007 4552.55 4602.78 4550.21 4602.33 423582 
9 1 2007 4603.07 4609.92 4574.39 4584.23 466710 
10 1 2007 4546.58 4546.81 4488.72 4507.44 476681 
11 1 2007 4534.80 4574.00 4529.02 4562.60 553700 
12 1 2007 4604.19 4624.88 4595.51 4615.47 550645 
15 1 2007 4642.10 4648.34 4606.12 4638.62 460709 
16 1 2007 4619.14 4630.62 4605.92 4612.59 382731 
17 1 2007 4607.87 4629.20 4607.35 4615.48 415798 
18 1 2007 4638.66 4679.37 4631.10 4675.54 437372 
19 1 2007 4663.03 4693.05 4652.98 4678.31 426061 
22 1 2007 4696.08 4709.62 4650.62 4676.66 480053 
23 1 2007 4659.43 4668.87 4604.88 4634.20 421506 
24 1 2007 4628.09 4698.75 4619.59 4698.21 560855 
25 1 2007 4710.98 4739.76 4686.36 4699.75 469347 
26 1 2007 4655.97 4710.19 4651.12 4688.67 386257 
29 1 2007 4678.19 4698.21 4670.46 4695.04 289609 
30 1 2007 4689.87 4694.08 4655.78 4673.45 368920 
31 1 2007 4674.68 4720.25 4674.68 4710.24 449582 
1 2 2007 4741.49 4754.06 4733.57 4754.06 496999 
2 2 2007 4759.91 4790.02 4757.98 4779.71 436127 
5 2 2007 4771.25 4802.53 4765.97 4802.53 384717 
6 2 2007 4797.20 4799.34 4745.44 4762.17 548481 
7 2 2007 4747.34 4760.96 4710.47 4729.91 474470 
8 2 2007 4735.24 4750.78 4700.71 4705.03 433453 
9 2 2007 4707.77 4709.89 4676.45 4688.54 359570 
12 2 2007 4668.14 4668.14 4592.77 4608.61 548843 
13 2 2007 4605.55 4655.21 4601.89 4647.49 451006 
14 2 2007 4690.76 4703.08 4683.98 4699.00 434797 
15 2 2007 4724.00 4735.11 4707.12 4732.76 543024 
16 2 2007 4740.00 4740.00 4713.90 4722.78 517520 
20 2 2007 4743.73 4762.60 4735.93 4758.79 476859 
21 2 2007 4753.03 4773.44 4705.38 4706.98 417445 
22 2 2007 4734.53 4773.50 4734.53 4762.92 485990 
23 2 2007 4751.76 4789.33 4750.63 4781.39 707224 
26 2 2007 4774.15 4787.73 4751.24 4757.77 318439 
27 2 2007 4717.72 4718.60 4557.67 4565.08 709821 
28 2 2007 4492.74 4546.35 4441.30 4503.96 793794 
1 3 2007 4516.59 4547.34 4363.34 4370.03 592817 
2 3 2007 4417.40 4434.87 4311.33 4376.30 572475 
5 3 2007 4261.41 4344.79 4245.16 4344.79 504841 
6 3 2007 4361.29 4420.01 4361.29 4406.55 954087 
7 3 2007 4458.53 4489.62 4446.57 4470.73 485831 
8 3 2007 4497.81 4533.35 4475.79 4533.35 391640 
9 3 2007 4537.09 4563.81 4515.92 4556.62 349134 
12 3 2007 4565.16 4584.83 4534.33 4544.74 325601 
13 3 2007 4540.60 4544.67 4466.31 4485.56 365828 
14 3 2007 4357.94 4402.60 4344.29 4402.48 419339 
15 3 2007 4437.80 4478.31 4428.08 4449.64 335759 
16 3 2007 4416.56 4522.31 4416.56 4518.80 424818 
19 3 2007 4538.11 4567.44 4529.34 4553.05 295299 
20 3 2007 4571.29 4580.27 4527.85 4550.79 302260 
21 3 2007 4564.33 4578.23 4554.21 4578.23 308200 
22 3 2007 4641.30 4658.57 4636.78 4652.63 557026 
23 3 2007 4635.60 4683.07 4635.42 4678.01 440172 
26 3 2007 4665.40 4718.10 4660.59 4718.10 644894 
27 3 2007 4712.86 4719.26 4644.10 4644.10 406469 
28 3 2007 4635.44 4635.44 4592.98 4604.07 549127 
29 3 2007 4624.02 4666.36 4624.02 4666.36 311351 
30 3 2007 4659.04 4664.18 4629.40 4643.14 344353 
2 4 2007 4627.43 4643.44 4616.61 4625.81 330351 
3 4 2007 4654.49 4685.76 4649.53 4649.53 451856 
4 4 2007 4679.94 4705.28 4676.17 4695.77 323482 
5 4 2007 4709.43 4709.43 4686.06 4693.44 240000 
10 4 2007 4704.56 4748.84 4700.37 4736.25 290743 
11 4 2007 4734.95 4791.79 4733.53 4783.69 481990 
12 4 2007 4765.97 4775.06 4753.14 4761.08 346277 
13 4 2007 4780.99 4814.10 4779.84 4808.46 408075 
16 4 2007 4825.12 4869.01 4825.12 4865.97 464878 
17 4 2007 4852.22 4863.52 4825.75 4850.26 456112 
18 4 2007 4846.68 4852.52 4797.71 4805.38 363653 
19 4 2007 4759.76 4784.53 4717.97 4777.21 758763 
20 4 2007 4822.30 4861.50 4820.96 4844.68 532654 
23 4 2007 4859.98 4865.30 4815.69 4818.12 276078 
24 4 2007 4821.82 4831.43 4766.55 4791.10 402361 
25 4 2007 4799.46 4839.04 4792.85 4836.84 352227 
26 4 2007 4870.27 4881.36 4841.16 4854.71 414251 
27 4 2007 4829.86 4835.22 4781.82 4792.62 410288 
30 4 2007 4786.17 4799.24 4736.83 4736.83 318106 
2 5 2007 4789.46 4799.58 4766.21 4775.86 450415 
3 5 2007 4799.16 4810.48 4750.19 4769.28 326685 
4 5 2007 4771.35 4800.03 4768.57 4795.37 328630 
7 5 2007 4814.65 4832.91 4806.22 4820.06 217001 
8 5 2007 4816.55 4818.89 4740.81 4741.65 315617 
9 5 2007 4768.41 4775.83 4718.78 4743.92 385307 
10 5 2007 4762.11 4802.06 4759.82 4767.09 449643 
11 5 2007 4734.85 4741.57 4698.68 4741.57 552871 
14 5 2007 4774.24 4796.15 4771.41 4794.93 308982 
15 5 2007 4806.60 4850.40 4805.81 4850.40 438416 
16 5 2007 4848.39 4868.73 4843.35 4868.25 379084 
17 5 2007 4889.44 4896.52 4864.66 4864.66 345796 
18 5 2007 4872.01 4900.61 4865.69 4886.83 374737 
21 5 2007 4908.04 4922.73 4892.92 4905.46 357562 
22 5 2007 4909.81 4911.18 4886.95 4892.28 356968 
23 5 2007 4908.50 4932.82 4902.30 4924.68 411305 
24 5 2007 4920.68 4936.14 4893.42 4936.14 352334 
25 5 2007 4910.29 4922.41 4899.74 4919.52 383604 
29 5 2007 4924.06 4952.48 4924.06 4938.27 344258 
30 5 2007 4918.26 4927.28 4878.98 4914.90 442627 
31 5 2007 4967.83 4979.08 4962.99 4972.19 639468 
1 6 2007 4967.92 4976.59 4948.81 4973.21 442574 
4 6 2007 4968.91 4978.66 4906.61 4917.67 444416 
5 6 2007 4926.67 4950.45 4889.91 4898.43 411523 
6 6 2007 4901.17 4903.79 4843.55 4873.13 379177 
7 6 2007 4864.74 4878.14 4829.53 4838.87 398759 
8 6 2007 4803.45 4855.50 4781.37 4850.83 485333 
11 6 2007 4870.35 4884.57 4859.43 4867.35 324379 
12 6 2007 4862.59 4879.95 4836.90 4841.86 347601 
13 6 2007 4825.69 4832.96 4796.15 4816.23 413930 
14 6 2007 4857.35 4876.11 4854.31 4859.00 518199 
15 6 2007 4881.52 4914.60 4870.45 4900.51 358187 
18 6 2007 4912.02 4936.44 4891.82 4909.48 356633 
19 6 2007 4907.57 4921.25 4880.55 4885.95 449932 
20 6 2007 4916.53 4927.19 4892.36 4898.93 544466 
21 6 2007 4889.33 4894.30 4855.87 4876.87 413990 
22 6 2007 4856.20 4879.75 4843.15 4850.15 409002 
25 6 2007 4824.36 4829.16 4806.21 4815.10 464156 
26 6 2007 4797.13 4799.06 4764.87 4788.66 403125 
27 6 2007 4779.66 4779.66 4751.06 4755.97 312833 
28 6 2007 4786.19 4804.22 4778.56 4797.27 392471 
29 6 2007 4835.06 4843.78 4799.20 4843.78 692051 
2 7 2007 4834.14 4859.96 4820.24 4859.96 459222 
3 7 2007 4876.33 4905.64 4876.33 4880.52 504159 
4 7 2007 4913.32 4924.58 4902.85 4922.21 494748 
5 7 2007 4931.44 4956.01 4905.12 4954.13 612911 
6 7 2007 4964.76 5001.88 4951.83 5001.26 559347 
9 7 2007 5023.30 5046.72 5022.39 5036.69 463999 
10 7 2007 5023.06 5028.54 4971.61 4971.61 579063 
11 7 2007 4926.34 4963.97 4913.47 4963.97 39292 
12 7 2007 4979.03 5033.52 4973.68 5020.73 575073 
13 7 2007 5076.37 5104.23 5062.23 5104.23 555463 
16 7 2007 5102.03 5119.05 5075.57 5093.75 229054 
17 7 2007 5088.42 5088.42 5034.84 5069.87 847255 
18 7 2007 5057.61 5092.59 5030.31 5086.92 473622 
19 7 2007 5089.54 5122.01 5087.44 5118.51 530521 
20 7 2007 5122.39 5136.28 5049.78 5058.86 634599 
23 7 2007 5047.61 5088.92 5038.16 5085.94 391314 
24 7 2007 5082.18 5106.07 5042.02 5045.77 512408 
25 7 2007 5035.51 5071.94 5006.94 5067.77 494346 
26 7 2007 5059.30 5074.83 4967.74 4977.50 756769 
27 7 2007 4898.55 4945.29 4863.93 4901.27 584452 
30 7 2007 4899.86 4908.01 4829.44 4846.64 479307 
31 7 2007 4878.56 4934.60 4878.56 4917.50 457255 
1 8 2007 4859.03 4888.37 4791.86 4884.07 654124 
2 8 2007 4895.87 4925.47 4888.94 4892.51 334645 
3 8 2007 4898.42 4915.58 4832.41 4842.65 236718 
6 8 2007 4829.74 4829.74 4773.76 4778.56 352923 
7 8 2007 4835.58 4861.37 4777.13 4778.86 377582 
8 8 2007 4811.12 4836.76 4803.83 4836.76 392133 
9 8 2007 4832.94 4851.69 4750.71 4758.98 416396 
10 8 2007 4694.90 4695.59 4589.15 4635.17 662721 
13 8 2007 4650.25 4691.31 4649.08 4677.73 299460 
14 8 2007 4676.42 4696.76 4664.43 4689.11 319057 
16 8 2007 4601.84 4601.84 4483.81 4523.28 952910 
17 8 2007 4503.50 4684.59 4476.74 4678.23 677918 
20 8 2007 4692.59 4731.35 4675.94 4683.48 344381 
21 8 2007 4693.35 4695.73 4640.55 4682.50 315536 
22 8 2007 4693.58 4753.64 4688.41 4753.64 439280 
23 8 2007 4784.52 4842.03 4784.52 4800.63 538652 
24 8 2007 4791.03 4809.76 4759.61 4800.40 385956 
27 8 2007 4797.61 4828.20 4769.88 4813.91 222043 
28 8 2007 4797.29 4817.45 4786.45 4814.68 256863 
29 8 2007 4767.40 4824.91 4760.49 4812.61 349059 
30 8 2007 4830.06 4865.00 4830.06 4840.53 405703 
31 8 2007 4855.19 4916.19 4855.19 4912.53 366067 
3 9 2007 4936.65 4940.35 4904.06 4904.58 362726 
4 9 2007 4905.59 4909.53 4865.22 4891.86 356071 
5 9 2007 4889.18 4904.86 4857.49 4858.27 400838 
6 9 2007 4856.78 4885.73 4830.64 4863.35 325659 
7 9 2007 4861.07 4874.19 4814.46 4819.32 780379 
10 9 2007 4806.64 4808.84 4775.81 4791.46 239406 
11 9 2007 4799.77 4840.70 4798.02 4838.51 237526 
12 9 2007 4844.27 4859.91 4822.23 4823.04 325109 
13 9 2007 4816.78 4856.25 4802.71 4846.08 422286 
14 9 2007 4854.69 4880.53 4852.18 4861.79 544475 
17 9 2007 4887.45 4916.05 4856.18 4892.97 447546 
18 9 2007 4881.64 4924.94 4872.47 4922.98 413949 
19 9 2007 4991.51 5029.07 4977.64 4978.57 634404 
20 9 2007 4970.95 4986.10 4964.01 4972.34 337742 
21 9 2007 4972.91 5023.18 4963.12 4996.48 528028 
24 9 2007 5002.14 5029.61 4985.25 5024.85 600471 
25 9 2007 5010.65 5042.40 5009.53 5032.19 668284 
26 9 2007 5037.46 5106.32 5037.46 5103.47 655031 
27 9 2007 5109.22 5138.75 5099.30 5101.09 585970 
28 9 2007 5107.05 5123.36 5087.63 5123.36 600539 
1 10 2007 5112.90 5135.68 5089.31 5134.69 338944 
2 10 2007 5152.29 5175.42 5139.00 5140.32 513075 
3 10 2007 5144.27 5161.18 5136.34 5147.84 775612 
4 10 2007 5152.70 5154.68 5124.58 5154.68 452431 
5 10 2007 5165.38 5200.75 5162.33 5198.80 677334 
8 10 2007 5197.83 5217.01 5192.33 5203.00 497413 
9 10 2007 5209.95 5247.95 5195.81 5247.34 587715 
10 10 2007 5261.02 5264.92 5216.88 5236.17 780999 
11 10 2007 5233.57 5276.83 5233.57 5270.32 595539 
12 10 2007 5257.04 5289.80 5238.18 5289.80 417247 
15 10 2007 5291.69 5298.18 5260.87 5281.85 402009 
16 10 2007 5256.36 5256.36 5196.04 5199.11 529585 
17 10 2007 5197.30 5227.29 5183.22 5226.62 530048 
18 10 2007 5230.66 5241.62 5161.52 5166.55 458168 
19 10 2007 5164.36 5208.55 5163.15 5190.32 420224 
22 10 2007 5147.55 5147.55 5104.41 5119.77 406163 
23 10 2007 5137.36 5209.21 5137.36 5208.46 351168 
24 10 2007 5203.26 5224.19 5197.57 5214.17 408621 
25 10 2007 5220.85 5263.52 5220.85 5252.99 525332 
26 10 2007 5256.81 5274.64 5240.49 5273.64 462877 
29 10 2007 5283.21 5299.39 5272.60 5289.22 437092 
30 10 2007 5292.76 5310.88 5285.76 5310.88 514446 
31 10 2007 5316.82 5336.94 5312.91 5334.50 619998 
1 11 2007 5331.69 5331.69 5235.48 5264.71 544053 
2 11 2007 5208.31 5299.30 5208.09 5284.20 395241 
5 11 2007 5276.24 5280.41 5234.57 5246.56 916463 
6 11 2007 5267.88 5321.76 5267.88 5309.92 451453 
7 11 2007 5321.31 5346.04 5272.45 5305.79 424334 
8 11 2007 5253.29 5257.70 5212.96 5228.19 409763 
9 11 2007 5237.49 5269.22 5134.49 5148.13 834854 
12 11 2007 5148.04 5187.53 5109.08 5124.97 447774 
13 11 2007 5116.20 5151.32 5086.76 5129.24 889720 
14 11 2007 5175.84 5212.76 5161.21 5177.09 533691 
15 11 2007 5180.08 5181.22 5090.14 5117.42 532614 
16 11 2007 5092.59 5097.23 5050.76 5096.04 382377 
19 11 2007 5109.32 5125.33 4970.08 4995.31 541239 
20 11 2007 5005.36 5015.28 4949.44 4960.31 637107 
21 11 2007 4929.53 4929.53 4784.36 4818.26 844926 
22 11 2007 4806.24 4832.80 4743.76 4824.93 714403 
23 11 2007 4826.92 4928.23 4826.92 4925.78 376491 
26 11 2007 4953.79 4964.79 4902.87 4906.46 428908 
27 11 2007 4881.19 4894.62 4817.99 4864.62 455876 
28 11 2007 4897.78 4975.59 4873.63 4951.70 474953 
29 11 2007 4998.26 5036.45 4973.09 4973.59 548525 
30 11 2007 4997.89 5058.90 4986.75 5053.87 854315 
3 12 2007 5068.06 5095.94 5053.22 5053.22 480282 
4 12 2007 5043.23 5046.46 4975.37 4985.74 0 
5 12 2007 5004.94 5099.21 5004.52 5090.97 505307 
6 12 2007 5114.91 5163.48 5107.37 5121.67 640504 
7 12 2007 5147.95 5186.82 5132.73 5133.31 588513 
10 12 2007 5133.85 5172.39 5106.22 5154.08 393797 
11 12 2007 5167.32 5201.42 5156.36 5175.38 480579 
12 12 2007 5126.74 5222.22 5110.45 5212.16 446525 
13 12 2007 5175.07 5192.74 5132.31 5140.48 433790 
14 12 2007 5154.51 5176.65 5077.40 5097.51 416732 
17 12 2007 5050.73 5050.73 4963.82 4970.37 628765 
18 12 2007 4973.41 5020.19 4963.19 5020.19 396727 
19 12 2007 5032.25 5040.53 4995.29 5011.60 343289 
20 12 2007 5011.08 5056.64 5008.97 5056.64 575025 
21 12 2007 5060.09 5110.42 5060.04 5109.82 458910 
24 12 2007 5114.88 5139.08 5104.58 5108.82 156008 
27 12 2007 5115.66 5147.82 5107.87 5137.47 205476 
28 12 2007 5131.36 5152.16 5092.88 5152.16 180067 
31 12 2007 5152.13 5180.29 5152.13 5178.83 143795 
2 1 2008 5181.26 5207.44 5173.39 5207.44 245347 
3 1 2008 5190.56 5190.96 5129.80 5133.33 360962 
4 1 2008 5151.54 5187.05 5108.83 5112.22 414583 
7 1 2008 5090.37 5126.57 5061.50 5108.04 523477 
8 1 2008 5125.59 5150.77 5122.29 5143.93 421790 
9 1 2008 5130.94 5132.61 5061.65 5072.65 442145 
10 1 2008 5093.73 5105.42 4952.86 4962.53 640963 
11 1 2008 4958.37 4973.11 4837.10 4858.35 625405 
14 1 2008 4846.52 4889.64 4810.68 4846.27 403651 
15 1 2008 4846.08 4850.17 4646.18 4647.11 636979 
16 1 2008 4571.42 4606.67 4490.90 4523.76 NaN 
17 1 2008 4573.62 4603.88 4475.81 4533.32 558782 
18 1 2008 4505.62 4621.38 4468.41 4587.09 515985 
21 1 2008 4496.05 4496.05 4292.84 4304.25 561218 
22 1 2008 4219.92 4358.21 4064.88 4253.25 941499 
23 1 2008 4340.26 4369.98 4098.62 4098.75 603265 
24 1 2008 4169.84 4426.99 4169.84 4426.53 593949 
25 1 2008 4490.67 4536.00 4437.24 4516.81 645219 
28 1 2008 4441.13 4456.78 4384.96 4442.34 360648 
29 1 2008 4490.38 4527.92 4490.38 4518.16 490860 
30 1 2008 4504.04 4525.17 4468.62 4487.15 242733 
31 1 2008 4482.51 4485.71 4354.35 4362.79 403784 
1 2 2008 4434.86 4482.78 4405.51 4436.36 378013 
4 2 2008 4510.28 4521.73 4477.79 4490.67 545488 
5 2 2008 4481.60 4498.64 4389.34 4389.34 334473 
6 2 2008 4350.20 4373.91 4320.05 4359.43 403599 
7 2 2008 4352.43 4381.70 4285.70 4366.04 301261 
8 2 2008 4385.70 4413.96 4314.50 4316.33 280160 
11 2 2008 4307.96 4311.79 4261.65 4268.58 266848 
12 2 2008 4304.63 4352.13 4272.28 4349.01 339312 
13 2 2008 4343.50 4368.95 4315.57 4352.41 265519 
14 2 2008 4374.65 4424.70 4374.65 4424.70 481496 
15 2 2008 4408.23 4412.62 4295.09 4320.67 332567 
18 2 2008 4309.49 4360.36 4309.49 4317.26 182671 
19 2 2008 4336.66 4353.61 4289.47 4353.61 NaN 
20 2 2008 4336.78 4336.78 4270.10 4285.54 286151 
21 2 2008 4296.16 4355.09 4296.16 4344.93 343137 
22 2 2008 4322.41 4350.55 4299.17 4350.03 282214 
25 2 2008 4374.87 4411.31 4372.70 4377.15 252382 
26 2 2008 4387.22 4429.36 4370.30 4377.85 301088 
27 2 2008 4382.29 4382.29 4313.37 4316.59 359444 
28 2 2008 4326.54 4345.74 4148.59 4208.34 687972 
29 2 2008 4175.72 4188.62 4091.98 4133.03 649735 
3 3 2008 4105.35 4105.35 4022.28 4053.06 256139 
6 3 2008 4006.41 4014.20 3968.27 3999.42 NaN 
7 3 2008 3936.36 3979.65 3872.49 3926.19 476690 
11 3 2008 3901.29 3989.81 3879.73 3986.44 486676 
12 3 2008 4044.73 4076.44 4040.57 4045.22 343879 
13 3 2008 4004.76 4004.76 3881.87 3892.35 347467
14 3 2008 3892.350000 3998.660000 3892.350000 3924.370000 0 
18 3 2008 3783.460000 3870.670000 3783.460000 3869.560000 0 
19 3 2008 3869.560000 3941.360000 3817.250000 3825.160000 0 
20 3 2008 3825.160000 3825.160000 3735.470000 3760.790000 0 
26 3 2008 3760.790000 3850.580000 3760.790000 3809.130000 0 
27 3 2008 3809.130000 3976.080000 3809.130000 3927.300000 0 
28 3 2008 3927.300000 3990.530000 3916.970000 3973.690000 0 
31 3 2008 3973.690000 3985.970000 3917.670000 3985.970000 0 
1 4 2008 3985.970000 4065.620000 3985.970000 4063.890000 0 
2 4 2008 4063.890000 4162.900000 4063.890000 4162.310000 0 
3 4 2008 4162.310000 4193.510000 4100.110000 4100.180000 0 
4 4 2008 4100.180000 4156.920000 4100.180000 4105.720000 0 
7 4 2008 4105.720000 4182.880000 4105.720000 4164.250000 0 
8 4 2008 4164.250000 4164.250000 4077.190000 4087.890000 0 
9 4 2008 4087.890000 4137.400000 4052.770000 4137.400000 0 
10 4 2008 4137.400000 4137.400000 4060.170000 4068.320000 0 
11 4 2008 4068.320000 4109.620000 3989.760000 4004.810000 0 
14 4 2008 4004.810000 4004.810000 3892.560000 3937.790000 0 
15 4 2008 3937.790000 3974.490000 3899.360000 3941.450000 0 
16 4 2008 3941.450000 3984.150000 3938.430000 3943.870000 0 
17 4 2008 3943.870000 4013.540000 3943.870000 3965.750000 0 
18 4 2008 3965.750000 4081.510000 3965.750000 4080.650000 0 
21 4 2008 4080.650000 4121.030000 4024.750000 4025.730000 0 
22 4 2008 4025.730000 4059.290000 4012.010000 4055.590000 0 
23 4 2008 4055.590000 4091.390000 4033.410000 4055.080000 0 
24 4 2008 4055.080000 4079.240000 4036.980000 4061.240000 0 
29 4 2008 4061.240000 4128.430000 4061.240000 4121.960000 0 
30 4 2008 4121.960000 4215.840000 4121.960000 4214.160000 0 
2 5 2008 4214.160000 4314.370000 4214.160000 4303.770000 0 
5 5 2008 4303.770000 4317.240000 4271.720000 4279.130000 0 
6 5 2008 4279.130000 4286.260000 4222.620000 4224.380000 0 
7 5 2008 4224.380000 4283.190000 4221.620000 4261.290000 0 
8 5 2008 4261.290000 4282.360000 4224.820000 4266.840000 0 
9 5 2008 4266.840000 4266.840000 4197.300000 4205.900000 0 
12 5 2008 4205.900000 4234.480000 4189.470000 4199.040000 0 
13 5 2008 4199.040000 4281.570000 4199.040000 4265.620000 0 
14 5 2008 4265.620000 4298.890000 4255.220000 4276.560000 0 
15 5 2008 4276.560000 4282.210000 4237.650000 4252.510000 0 
16 5 2008 4252.510000 4253.300000 4214.970000 4229.890000 0 
19 5 2008 4229.890000 4260.500000 4229.890000 4257.940000 0 
20 5 2008 4257.940000 4257.940000 4161.590000 4165.620000 0 
21 5 2008 4165.620000 4179.340000 4122.780000 4151.360000 0 
22 5 2008 4151.360000 4151.360000 4090.400000 4093.720000 0 
23 5 2008 4093.720000 4096.070000 4060.600000 4066.030000 0 
26 5 2008 4066.030000 4070.750000 4021.650000 4021.850000 0 
27 5 2008 4021.850000 4059.940000 3976.150000 4003.790000 0 
28 5 2008 4003.790000 4091.030000 4003.790000 4090.090000 0 
29 5 2008 4090.090000 4127.080000 4069.340000 4091.720000 0 
30 5 2008 4091.720000 4176.510000 4091.720000 4176.510000 0 
2 6 2008 4176.510000 4176.510000 4113.410000 4153.080000 0 
3 6 2008 4153.080000 4182.150000 4116.600000 4177.180000 0 
4 6 2008 4177.180000 4177.180000 4109.420000 4113.550000 0 
5 6 2008 4113.550000 4151.970000 4112.510000 4122.910000 0 
6 6 2008 4122.910000 4172.180000 4087.500000 4096.500000 0 
9 6 2008 4096.500000 4096.500000 4000.980000 4000.980000 0 
10 6 2008 4000.980000 4000.980000 3902.520000 3925.770000 0 
11 6 2008 3925.770000 3964.330000 3867.850000 3877.630000 0 
12 6 2008 3877.630000 3889.330000 3833.730000 3839.440000 0 
13 6 2008 3839.440000 3846.020000 3713.850000 3739.270000 0 
17 6 2008 3739.270000 3745.280000 3654.530000 3699.000000 0 
18 6 2008 3699.000000 3712.300000 3640.360000 3662.420000 0 
19 6 2008 3662.420000 3685.410000 3612.110000 3649.820000 0 
20 6 2008 3649.820000 3684.560000 3611.100000 3619.110000 0 
23 6 2008 3619.110000 3619.110000 3521.770000 3524.850000 0 
24 6 2008 3524.850000 3552.020000 3390.460000 3482.010000 0 
25 6 2008 3482.010000 3595.980000 3482.010000 3584.530000 0 
26 6 2008 3584.530000 3584.530000 3482.550000 3483.980000 0 
27 6 2008 3483.980000 3483.980000 3387.280000 3424.160000 0 
30 6 2008 3424.160000 3445.470000 3356.810000 3439.710000 0 
1 7 2008 3439.710000 3439.710000 3283.980000 3286.830000 0 
2 7 2008 3286.830000 3319.800000 3190.410000 3190.410000 0 
3 7 2008 3190.410000 3305.880000 3107.710000 3289.400000 0 
4 7 2008 3289.400000 3351.620000 3276.670000 3302.460000 0 
7 7 2008 3302.460000 3354.990000 3302.460000 3345.640000 0 
8 7 2008 3345.640000 3345.640000 3239.870000 3285.590000 0 
9 7 2008 3285.590000 3416.300000 3285.590000 3403.770000 0 
10 7 2008 3403.770000 3426.140000 3344.870000 3372.620000 0 
11 7 2008 3372.620000 3403.030000 3290.740000 3290.740000 0 
14 7 2008 3290.740000 3341.550000 3286.660000 3315.660000 0 
15 7 2008 3315.660000 3315.660000 3173.280000 3177.930000 0 
16 7 2008 3177.930000 3195.280000 3100.710000 3155.110000 0 
17 7 2008 3155.110000 3340.410000 3155.110000 3332.100000 0 
18 7 2008 3332.100000 3406.760000 3304.720000 3406.760000 0 
21 7 2008 3406.760000 3458.370000 3371.410000 3446.750000 0 
22 7 2008 3446.750000 3446.750000 3382.650000 3384.990000 0 
23 7 2008 3384.990000 3517.980000 3384.990000 3505.690000 0 
24 7 2008 3505.690000 3525.320000 3479.270000 3512.800000 0 
25 7 2008 3512.800000 3512.800000 3384.860000 3402.380000 0 
28 7 2008 3402.380000 3423.710000 3373.330000 3410.150000 0 
29 7 2008 3410.150000 3410.150000 3333.360000 3370.040000 0 
30 7 2008 3370.040000 3450.420000 3370.040000 3396.630000 0 
31 7 2008 3396.630000 3448.720000 3387.160000 3394.640000 0 
1 8 2008 3394.640000 3405.640000 3363.350000 3378.050000 0 
4 8 2008 3378.050000 3401.010000 3350.680000 3362.180000 0 
5 8 2008 3362.180000 3444.770000 3360.480000 3442.310000 0 
6 8 2008 3442.310000 3503.650000 3436.040000 3438.820000 0 
7 8 2008 3438.820000 3456.070000 3408.820000 3427.070000 0 
8 8 2008 3427.070000 3427.070000 3321.140000 3334.120000 0 
11 8 2008 3334.120000 3384.580000 3327.720000 3327.910000 0 
12 8 2008 3327.910000 3367.810000 3321.080000 3345.180000 0 
13 8 2008 3345.180000 3345.180000 3279.430000 3287.930000 0 
14 8 2008 3287.930000 3309.260000 3283.980000 3298.120000 0 
18 8 2008 3298.120000 3365.860000 3298.120000 3355.050000 0 
19 8 2008 3355.050000 3355.050000 3303.550000 3326.110000 0 
20 8 2008 3326.110000 3341.540000 3305.430000 3312.550000 0 
21 8 2008 3312.550000 3312.550000 3262.800000 3268.810000 0 
22 8 2008 3268.810000 3309.110000 3251.930000 3296.670000 0 
25 8 2008 3296.670000 3336.320000 3296.670000 3302.570000 0 
26 8 2008 3302.570000 3302.570000 3255.290000 3255.970000 0 
27 8 2008 3255.970000 3270.650000 3227.270000 3243.990000 0 
28 8 2008 3243.990000 3267.940000 3201.790000 3267.940000 0 
29 8 2008 3267.940000 3308.720000 3267.940000 3292.690000 0 
1 9 2008 3292.690000 3292.690000 3260.310000 3268.920000 0 
2 9 2008 3268.920000 3342.760000 3262.620000 3341.410000 0 
3 9 2008 3341.410000 3341.410000 3290.700000 3293.980000 0 
4 9 2008 3293.980000 3293.980000 3218.140000 3222.590000 0 
5 9 2008 3222.590000 3222.590000 3125.290000 3143.920000 0 
8 9 2008 3143.920000 3285.970000 3143.920000 3275.080000 0 
9 9 2008 3275.080000 3297.880000 3263.660000 3276.560000 0 
10 9 2008 3276.560000 3276.860000 3191.400000 3213.540000 0 
11 9 2008 3213.540000 3213.540000 3127.350000 3131.600000 0 
12 9 2008 3131.600000 3187.910000 3084.150000 3110.570000 0 
15 9 2008 3110.570000 3110.570000 2972.590000 2993.050000 0 
16 9 2008 2993.050000 3015.860000 2919.280000 2933.430000 0 
17 9 2008 2933.430000 3027.050000 2933.430000 2957.920000 0 
18 9 2008 2957.920000 2957.920000 2881.090000 2952.810000 0 
19 9 2008 2952.810000 3218.640000 2952.810000 3209.260000 0 
22 9 2008 3209.260000 3209.260000 3147.340000 3175.540000 0 
23 9 2008 3175.540000 3175.540000 3016.880000 3062.720000 0 
24 9 2008 3062.720000 3078.980000 3041.970000 3062.830000 0 
25 9 2008 3062.830000 3087.770000 3054.920000 3070.400000 0 
26 9 2008 3070.400000 3070.400000 2994.920000 3017.890000 0 
29 9 2008 3017.890000 3017.890000 2826.410000 2840.800000 0 
30 9 2008 2840.800000 2877.540000 2752.370000 2856.470000 0 
1 10 2008 2856.470000 2933.450000 2828.210000 2837.170000 0 
2 10 2008 2837.170000 2882.560000 2806.850000 2828.880000 0 
3 10 2008 2828.880000 2831.120000 2761.980000 2804.950000 0 
6 10 2008 2804.950000 2804.950000 2634.260000 2640.780000 0 
7 10 2008 2640.780000 2682.050000 2575.670000 2625.040000 0 
8 10 2008 2625.040000 2625.040000 2417.880000 2512.010000 0 
9 10 2008 2512.010000 2551.880000 2502.250000 2503.010000 0 
10 10 2008 2503.010000 2503.010000 2260.220000 2372.090000 0 
13 10 2008 2372.090000 2527.270000 2372.090000 2506.450000 0 
14 10 2008 2506.450000 2628.050000 2506.450000 2561.800000 0 
15 10 2008 2561.800000 2561.800000 2381.570000 2381.570000 0 
16 10 2008 2381.570000 2381.570000 2230.380000 2255.250000 0 
17 10 2008 2255.250000 2333.840000 2105.170000 2117.410000 0 
20 10 2008 2117.410000 2178.410000 2079.520000 2124.800000 0 
21 10 2008 2124.800000 2177.720000 2124.800000 2138.950000 0 
22 10 2008 2138.950000 2138.950000 2004.590000 2025.930000 0 
23 10 2008 2025.930000 2025.930000 1882.480000 1914.370000 0 
24 10 2008 1914.370000 1914.370000 1626.640000 1728.490000 0 
27 10 2008 1728.490000 1809.730000 1642.560000 1798.240000 0 
29 10 2008 1798.240000 1998.540000 1798.240000 1969.840000 0 
30 10 2008 1969.840000 2034.470000 1969.840000 2009.990000 0 
31 10 2008 2009.990000 2061.670000 1964.710000 2060.310000 0 
3 11 2008 2060.310000 2148.890000 2060.310000 2118.630000 0 
4 11 2008 2118.630000 2238.360000 2118.630000 2229.590000 0 
5 11 2008 2229.590000 2303.660000 2176.980000 2221.020000 0 
6 11 2008 2221.020000 2221.020000 2065.730000 2070.400000 0 
7 11 2008 2070.400000 2107.930000 2038.080000 2107.100000 0 
10 11 2008 2107.100000 2211.510000 2107.100000 2190.990000 0 
11 11 2008 2190.990000 2190.990000 2029.280000 2050.310000 0 
12 11 2008 2050.310000 2078.370000 1993.730000 2010.520000 0 
13 11 2008 2010.520000 2015.400000 1953.850000 1979.790000 0 
14 11 2008 1979.790000 2063.960000 1979.790000 2007.090000 0 
17 11 2008 2007.090000 2007.090000 1897.100000 1921.960000 0 
18 11 2008 1921.960000 1927.290000 1862.230000 1925.200000 0 
19 11 2008 1925.200000 1945.030000 1892.320000 1897.070000 0 
20 11 2008 1897.070000 1897.070000 1801.890000 1816.580000 0 
21 11 2008 1816.580000 1858.440000 1808.260000 1826.410000 0 
24 11 2008 1826.410000 1876.470000 1826.410000 1864.810000 0 
25 11 2008 1864.810000 1932.510000 1864.810000 1901.420000 0 
26 11 2008 1901.420000 1905.970000 1861.910000 1873.630000 0 
27 11 2008 1873.630000 1945.300000 1872.760000 1908.180000 0 
28 11 2008 1908.180000 1915.880000 1874.300000 1913.520000 0 
1 12 2008 1913.520000 1913.920000 1860.170000 1860.270000 0 
2 12 2008 1860.270000 1860.270000 1807.080000 1837.980000 0 
3 12 2008 1837.980000 1853.260000 1824.370000 1834.310000 0 
4 12 2008 1834.310000 1874.160000 1820.590000 1840.880000 0 
5 12 2008 1840.880000 1840.880000 1786.010000 1788.460000 0 
8 12 2008 1788.460000 1868.570000 1788.460000 1845.910000 0 
9 12 2008 1845.910000 1859.480000 1818.180000 1847.070000 0 
10 12 2008 1847.070000 1864.180000 1814.390000 1833.040000 0 
11 12 2008 1833.040000 1853.130000 1814.710000 1833.680000 0 
12 12 2008 1833.680000 1833.680000 1785.120000 1810.260000 0 
15 12 2008 1810.260000 1830.400000 1774.070000 1774.280000 0 
16 12 2008 1774.280000 1776.330000 1741.570000 1741.570000 0 
17 12 2008 1741.570000 1753.100000 1718.410000 1746.580000 0 
18 12 2008 1746.580000 1767.340000 1733.120000 1738.490000 0 
19 12 2008 1738.490000 1741.730000 1692.520000 1731.630000 0 
22 12 2008 1731.630000 1737.810000 1710.210000 1711.800000 0 
23 12 2008 1711.800000 1734.480000 1709.660000 1723.570000 0 
24 12 2008 1723.570000 1733.260000 1714.270000 1722.760000 0 
29 12 2008 1722.760000 1751.620000 1722.760000 1751.620000 0 
30 12 2008 1751.620000 1808.540000 1751.620000 1807.850000 0 
31 12 2008 1807.850000 1848.800000 1785.890000 1786.510000 0 
2 1 2009 1786.510000 1817.870000 1783.310000 1811.830000 0 
5 1 2009 1811.830000 1862.320000 1811.830000 1862.320000 0 
7 1 2009 1862.320000 1941.810000 1862.320000 1920.730000 0 
8 1 2009 1920.730000 1920.730000 1879.920000 1913.600000 0 
9 1 2009 1913.600000 1928.420000 1886.190000 1892.290000 0 
12 1 2009 1892.290000 1892.290000 1867.900000 1870.810000 0 
13 1 2009 1870.810000 1870.810000 1829.650000 1844.430000 0 
14 1 2009 1844.430000 1860.920000 1734.690000 1743.470000 0 
15 1 2009 1743.470000 1743.470000 1682.690000 1709.690000 0 
16 1 2009 1709.690000 1757.390000 1709.690000 1749.950000 0 
19 1 2009 1749.950000 1760.670000 1659.100000 1660.040000 0 
20 1 2009 1660.040000 1660.450000 1627.610000 1652.510000 0 
21 1 2009 1652.510000 1705.680000 1603.920000 1702.730000 0 
22 1 2009 1702.730000 1742.670000 1661.610000 1671.120000 0 
23 1 2009 1671.120000 1672.960000 1641.440000 1663.390000 0 
26 1 2009 1663.390000 1695.300000 1663.390000 1695.160000 0 
27 1 2009 1695.160000 1722.780000 1695.160000 1710.870000 0 
28 1 2009 1710.870000 1754.120000 1710.870000 1748.610000 0 
29 1 2009 1748.610000 1751.490000 1721.150000 1731.370000 0 
30 1 2009 1731.370000 1779.530000 1715.190000 1779.470000 0 
2 2 2009 1779.470000 1780.680000 1725.480000 1726.810000 0 
3 2 2009 1726.810000 1747.650000 1714.520000 1730.950000 0 
4 2 2009 1730.950000 1744.450000 1706.790000 1744.050000 0 
5 2 2009 1744.050000 1744.050000 1715.260000 1715.570000 0 
6 2 2009 1715.570000 1761.690000 1715.570000 1761.690000 0 
9 2 2009 1761.690000 1776.400000 1744.170000 1768.180000 0 
10 2 2009 1768.180000 1768.180000 1747.780000 1763.080000 0 
11 2 2009 1763.080000 1763.080000 1721.450000 1744.460000 0 
12 2 2009 1744.460000 1747.490000 1721.040000 1729.410000 0 
13 2 2009 1736.760000 1756.160000 1725.770000 1727.980000 0 
16 2 2009 1722.950000 1725.030000 1689.630000 1691.630000 0 
17 2 2009 1689.650000 1689.650000 1602.600000 1603.800000 0 
18 2 2009 1597.890000 1616.580000 1558.580000 1589.180000 0 
19 2 2009 1591.260000 1618.180000 1590.450000 1615.060000 0 
20 2 2009 1614.910000 1614.910000 1568.710000 1601.230000 0 
23 2 2009 1599.270000 1615.860000 1547.940000 1548.990000 0 
24 2 2009 1549.270000 1553.120000 1522.520000 1545.400000 0 
25 2 2009 1547.070000 1569.360000 1511.950000 1521.490000 0 
26 2 2009 1521.940000 1541.850000 1505.720000 1541.430000 0 
27 2 2009 1537.660000 1537.660000 1507.600000 1535.820000 0 
3 3 2009 1536.050000 1536.050000 1478.740000 1510.990000 0 
4 3 2009 1512.490000 1524.130000 1503.460000 1507.390000 0 
5 3 2009 1508.530000 1513.310000 1478.520000 1481.460000 0 
6 3 2009 1479.050000 1479.050000 1459.170000 1474.350000 0 
9 3 2009 1473.770000 1476.320000 1457.830000 1469.410000 0 
10 3 2009 1474.220000 1555.170000 1474.220000 1551.280000 0 
11 3 2009 1549.860000 1585.170000 1534.770000 1538.170000 0 
12 3 2009 1530.970000 1554.560000 1515.370000 1554.060000 0 
13 3 2009 1556.250000 1593.250000 1555.690000 1557.770000 0 
16 3 2009 1565.340000 1584.200000 1562.270000 1584.160000 0 
17 3 2009 1571.720000 1593.610000 1566.600000 1584.100000 0 
18 3 2009 1592.660000 1604.250000 1578.630000 1578.630000 0 
19 3 2009 1579.020000 1627.540000 1579.020000 1622.880000 0 
20 3 2009 1617.630000 1650.710000 1610.990000 1647.880000 0 
23 3 2009 1658.650000 1692.640000 1658.650000 1689.550000 0 
24 3 2009 1696.270000 1721.200000 1690.180000 1694.280000 0 
26 3 2009 1701.930000 1724.450000 1700.230000 1714.000000 0 
27 3 2009 1710.410000 1719.590000 1663.390000 1671.800000 0 
30 3 2009 1665.190000 1665.220000 1618.770000 1629.680000 0 
31 3 2009 1641.770000 1684.370000 1640.510000 1684.370000 0 
1 4 2009 1678.970000 1702.530000 1658.210000 1678.720000 0 
2 4 2009 1688.760000 1752.810000 1688.760000 1752.810000 0 
3 4 2009 1763.440000 1795.480000 1747.200000 1754.620000 0 
6 4 2009 1766.230000 1791.230000 1723.140000 1741.410000 0 
7 4 2009 1735.050000 1748.020000 1723.850000 1729.270000 0 
8 4 2009 1714.440000 1810.780000 1711.480000 1807.110000 0 
9 4 2009 1815.260000 1882.850000 1815.260000 1881.950000 0 
14 4 2009 1889.360000 1958.930000 1864.470000 1901.000000 0 
15 4 2009 1893.060000 1928.420000 1875.420000 1928.290000 0 
16 4 2009 1934.340000 1973.660000 1928.350000 1973.250000 0 
21 4 2009 1971.010000 1971.010000 1873.150000 1880.690000 0 
22 4 2009 1881.990000 1915.390000 1873.380000 1894.560000 0 
23 4 2009 1893.040000 1933.210000 1880.560000 1905.920000 0 
24 4 2009 1912.670000 1932.560000 1904.870000 1926.540000 0 
27 4 2009 1909.250000 1935.130000 1900.430000 1925.810000 0 
28 4 2009 1910.300000 1912.010000 1880.150000 1907.430000 0 
29 4 2009 1920.160000 1995.820000 1920.160000 1990.510000 0 
30 4 2009 1997.140000 2081.080000 1997.140000 2053.740000 0 
4 5 2009 2063.060000 2102.020000 2051.600000 2096.410000 0 
5 5 2009 2105.830000 2170.200000 2105.400000 2160.470000 0 
6 5 2009 2155.980000 2196.570000 2129.810000 2191.180000 0 
7 5 2009 2201.310000 2263.840000 2127.250000 2141.230000 0 
8 5 2009 2145.540000 2173.910000 2115.770000 2151.400000 0 
11 5 2009 2161.490000 2191.340000 2132.980000 2159.610000 0 
12 5 2009 2146.640000 2214.040000 2145.790000 2204.110000 0 
13 5 2009 2206.790000 2243.950000 2120.700000 2136.460000 0 
14 5 2009 2114.790000 2147.710000 2094.510000 2124.030000 0 
15 5 2009 2132.200000 2162.530000 2121.120000 2146.150000 0 
18 5 2009 2133.030000 2174.550000 2119.930000 2171.260000 0 
19 5 2009 2182.380000 2253.730000 2182.380000 2253.730000 0 
20 5 2009 2262.700000 2310.920000 2234.000000 2309.790000 0 
21 5 2009 2296.690000 2312.830000 2242.090000 2251.000000 0 
22 5 2009 2241.230000 2297.040000 2240.680000 2280.150000 0 
25 5 2009 2287.970000 2297.070000 2257.040000 2278.780000 0 
26 5 2009 2275.440000 2275.440000 2201.300000 2234.810000 0 
27 5 2009 2250.990000 2306.930000 2250.330000 2294.820000 0 
28 5 2009 2278.990000 2328.080000 2258.350000 2309.080000 0 
29 5 2009 2333.100000 2355.480000 2312.280000 2327.470000 0 
1 6 2009 2343.370000 2423.360000 2343.370000 2417.010000 0 
2 6 2009 2429.210000 2431.390000 2394.100000 2427.450000 0 
3 6 2009 2424.460000 2429.080000 2392.940000 2408.750000 0 
4 6 2009 2414.590000 2430.600000 2331.100000 2338.900000 0 
5 6 2009 2361.800000 2399.510000 2351.230000 2372.260000 0 
9 6 2009 2370.400000 2377.940000 2313.950000 2319.690000 0 
10 6 2009 2344.650000 2391.840000 2344.350000 2376.110000 0 
11 6 2009 2354.470000 2389.250000 2354.470000 2386.920000 0 
12 6 2009 2392.380000 2417.910000 2382.700000 2401.570000 0 
15 6 2009 2390.630000 2409.550000 2359.690000 2390.450000 0 
16 6 2009 2383.120000 2383.740000 2270.320000 2279.960000 0 
17 6 2009 2268.480000 2279.260000 2153.310000 2162.340000 0 
18 6 2009 2178.230000 2195.830000 2144.670000 2182.070000 0 
19 6 2009 2200.570000 2252.030000 2188.200000 2233.900000 0 
22 6 2009 2232.450000 2234.280000 2135.990000 2143.370000 0 
23 6 2009 2130.170000 2171.550000 2100.490000 2167.250000 0 
24 6 2009 2164.130000 2199.110000 2160.370000 2199.110000 0 
25 6 2009 2191.890000 2214.530000 2152.080000 2177.030000 0 
26 6 2009 2200.880000 2209.550000 2156.580000 2162.650000 0 
29 6 2009 2161.250000 2179.080000 2149.700000 2166.860000 0 
30 6 2009 2178.960000 2223.450000 2178.960000 2209.990000 0 
1 7 2009 2217.550000 2238.190000 2201.540000 2236.980000 0 
2 7 2009 2230.010000 2240.360000 2207.770000 2217.580000 0 
3 7 2009 2205.520000 2216.790000 2187.890000 2211.040000 0 
6 7 2009 2198.720000 2202.750000 2167.980000 2187.020000 0 
7 7 2009 2202.860000 2206.830000 2186.010000 2202.830000 0 
8 7 2009 2191.750000 2191.750000 2157.480000 2167.900000 0 
9 7 2009 2173.640000 2184.160000 2159.240000 2160.730000 0 
10 7 2009 2156.550000 2156.580000 2099.570000 2106.130000 0 
13 7 2009 2094.380000 2116.070000 2071.530000 2103.670000 0 
14 7 2009 2125.830000 2169.540000 2125.830000 2169.340000 0 
15 7 2009 2176.930000 2188.070000 2164.320000 2185.470000 0 
16 7 2009 2209.090000 2214.530000 2179.860000 2213.490000 0 
17 7 2009 2221.050000 2247.190000 2204.660000 2230.440000 0 
20 7 2009 2241.900000 2281.380000 2241.240000 2275.340000 0 
21 7 2009 2275.060000 2303.120000 2257.600000 2271.070000 0 
22 7 2009 2268.960000 2291.500000 2259.220000 2270.940000 0 
23 7 2009 2273.620000 2295.390000 2273.620000 2295.260000 0 
24 7 2009 2317.990000 2343.460000 2316.660000 2331.320000 0 
27 7 2009 2344.350000 2370.970000 2333.780000 2344.040000 0 
28 7 2009 2350.420000 2365.120000 2277.900000 2286.150000 0 
29 7 2009 2266.960000 2302.750000 2266.960000 2276.180000 0 
30 7 2009 2279.320000 2358.130000 2277.870000 2353.090000 0 
31 7 2009 2360.090000 2378.700000 2345.200000 2362.350000 0 
3 8 2009 2378.930000 2424.050000 2378.930000 2423.960000 0 
4 8 2009 2430.340000 2445.500000 2412.250000 2434.020000 0 
5 8 2009 2439.290000 2443.860000 2389.340000 2390.240000 0 
6 8 2009 2403.280000 2413.780000 2370.390000 2401.070000 0 
7 8 2009 2393.980000 2396.460000 2353.530000 2380.580000 0 
10 8 2009 2392.020000 2393.020000 2339.320000 2339.660000 0 
11 8 2009 2343.590000 2369.260000 2275.380000 2276.470000 0 
12 8 2009 2273.440000 2296.980000 2264.990000 2295.650000 0 
13 8 2009 2317.430000 2363.490000 2315.370000 2322.770000 0 
14 8 2009 2334.270000 2346.090000 2322.040000 2341.420000 0 
17 8 2009 2329.720000 2331.460000 2278.990000 2309.630000 0 
18 8 2009 2312.930000 2336.920000 2312.930000 2333.290000 0 
19 8 2009 2327.870000 2350.470000 2306.860000 2350.310000 0 
20 8 2009 2370.060000 2401.670000 2368.880000 2399.400000 0 
21 8 2009 2404.740000 2479.850000 2404.740000 2479.850000 0 
24 8 2009 2505.290000 2535.440000 2456.790000 2483.260000 0 
25 8 2009 2473.060000 2505.740000 2453.650000 2505.740000 0 
26 8 2009 2513.570000 2554.200000 2513.570000 2545.670000 0 
27 8 2009 2555.570000 2578.150000 2529.140000 2544.450000 0 
28 8 2009 2549.550000 2569.290000 2529.840000 2540.400000 0 
31 8 2009 2518.780000 2518.780000 2466.410000 2466.410000 0 
1 9 2009 2481.820000 2509.910000 2442.580000 2509.520000 0 
2 9 2009 2497.080000 2497.780000 2447.560000 2477.980000 0 
3 9 2009 2460.600000 2460.600000 2364.250000 2414.210000 0 
4 9 2009 2429.800000 2450.510000 2404.680000 2425.230000 0 
7 9 2009 2446.070000 2505.260000 2446.070000 2497.150000 0 
8 9 2009 2511.510000 2528.730000 2493.410000 2511.810000 0 
9 9 2009 2512.330000 2543.900000 2503.740000 2534.570000 0 
10 9 2009 2544.370000 2548.770000 2501.020000 2510.560000 0 
11 9 2009 2524.390000 2534.870000 2510.750000 2527.110000 0 
14 9 2009 2507.380000 2507.380000 2465.310000 2468.000000 0 
15 9 2009 2473.560000 2538.930000 2473.560000 2531.940000 0 
16 9 2009 2548.360000 2576.430000 2540.520000 2550.130000 0 
17 9 2009 2567.860000 2574.900000 2535.090000 2547.470000 0 
18 9 2009 2550.000000 2568.780000 2535.350000 2555.370000 0 
21 9 2009 2555.650000 2560.810000 2527.900000 2527.900000 0 
22 9 2009 2542.500000 2567.660000 2542.300000 2565.050000 0 
23 9 2009 2567.760000 2622.050000 2565.640000 2611.520000 0 
24 9 2009 2597.530000 2644.590000 2577.130000 2609.250000 0 
25 9 2009 2601.650000 2627.290000 2594.150000 2611.560000 0 
28 9 2009 2609.340000 2657.270000 2593.410000 2652.030000 0 
29 9 2009 2672.760000 2689.360000 2650.100000 2667.620000 0 
30 9 2009 2675.800000 2697.950000 2635.570000 2661.420000 0 
1 10 2009 2670.730000 2677.510000 2619.640000 2648.050000 0 
2 10 2009 2633.930000 2634.890000 2585.920000 2593.430000 0 
5 10 2009 2621.040000 2641.500000 2574.200000 2581.070000 0 
6 10 2009 2602.910000 2685.770000 2602.910000 2678.500000 0 
7 10 2009 2695.540000 2727.580000 2691.980000 2692.420000 0 
8 10 2009 2715.260000 2764.920000 2715.260000 2738.740000 0 
9 10 2009 2754.290000 2762.880000 2724.550000 2753.230000 0 
12 10 2009 2769.480000 2832.270000 2769.480000 2830.780000 0 
13 10 2009 2834.740000 2846.500000 2797.700000 2807.890000 0 
14 10 2009 2832.660000 2908.770000 2832.660000 2896.910000 0 
15 10 2009 2899.710000 2932.450000 2850.920000 2894.150000 0 
16 10 2009 2905.830000 2917.990000 2814.700000 2830.010000 0 
19 10 2009 2833.810000 2889.000000 2824.520000 2864.630000 0 
20 10 2009 2877.930000 2915.420000 2860.760000 2892.820000 0 
21 10 2009 2895.390000 2901.030000 2828.780000 2855.070000 0 
22 10 2009 2825.370000 2840.990000 2807.880000 2811.260000 0 
23 10 2009 2837.810000 2855.610000 2819.600000 2838.130000 0 
26 10 2009 2827.530000 2834.130000 2781.060000 2781.130000 0 
27 10 2009 2764.930000 2769.840000 2710.280000 2711.960000 0 
29 10 2009 2706.240000 2706.240000 2599.200000 2669.630000 0 
30 10 2009 2690.930000 2724.020000 2675.040000 2686.210000 0 
2 11 2009 2673.840000 2676.360000 2617.700000 2646.240000 0 
3 11 2009 2616.970000 2642.540000 2582.520000 2584.040000 0 
4 11 2009 2603.320000 2655.120000 2603.320000 2652.650000 0 
5 11 2009 2642.090000 2683.570000 2617.580000 2683.570000 0 
6 11 2009 2695.240000 2713.240000 2667.000000 2701.420000 0 
9 11 2009 2736.830000 2737.260000 2684.370000 2688.490000 0 
10 11 2009 2709.090000 2709.090000 2635.050000 2652.680000 0 
11 11 2009 2663.700000 2685.710000 2654.910000 2659.400000 0 
12 11 2009 2640.320000 2654.230000 2590.540000 2620.440000 0 
13 11 2009 2615.600000 2619.060000 2588.710000 2588.710000 0 
16 11 2009 2610.750000 2611.630000 2474.120000 2504.430000 0 
17 11 2009 2507.940000 2545.090000 2501.890000 2502.270000 0 
18 11 2009 2515.900000 2560.380000 2477.130000 2528.950000 0 
19 11 2009 2541.720000 2545.640000 2493.980000 2497.150000 0 
20 11 2009 2489.610000 2500.880000 2405.110000 2405.610000 0 
23 11 2009 2431.230000 2457.270000 2374.640000 2448.360000 0 
24 11 2009 2438.910000 2463.420000 2413.680000 2428.540000 0 
25 11 2009 2440.710000 2442.680000 2327.650000 2372.610000 0 
26 11 2009 2360.870000 2360.970000 2211.590000 2225.320000 0 
27 11 2009 2226.180000 2299.780000 2164.110000 2257.430000 0 
30 11 2009 2263.760000 2291.710000 2234.820000 2263.270000 0 
1 12 2009 2275.320000 2425.810000 2275.320000 2425.090000 0 
2 12 2009 2438.690000 2442.860000 2399.940000 2433.240000 0 
3 12 2009 2444.210000 2480.750000 2366.860000 2366.860000 0 
4 12 2009 2345.750000 2383.620000 2298.450000 2383.620000 0 
7 12 2009 2369.810000 2369.810000 2310.440000 2318.640000 0 
8 12 2009 2325.050000 2331.110000 2176.950000 2178.700000 0 
9 12 2009 2165.870000 2165.870000 2074.920000 2105.480000 0 
10 12 2009 2118.070000 2219.980000 2100.640000 2214.000000 0 
11 12 2009 2226.090000 2267.630000 2138.490000 2160.680000 0 
14 12 2009 2179.350000 2217.330000 2155.800000 2216.940000 0 
15 12 2009 2200.130000 2209.460000 2161.990000 2169.980000 0 
16 12 2009 2164.910000 2222.150000 2153.900000 2222.140000 0 
17 12 2009 2214.320000 2214.320000 2166.940000 2195.350000 0 
18 12 2009 2201.710000 2205.960000 2161.090000 2168.430000 0 
21 12 2009 2178.260000 2178.260000 2114.210000 2118.600000 0 
22 12 2009 2129.510000 2219.300000 2128.410000 2213.470000 0 
23 12 2009 2232.170000 2247.230000 2207.370000 2207.940000 0 
28 12 2009 2213.710000 2236.160000 2207.950000 2208.340000 0 
29 12 2009 2208.950000 2215.280000 2189.440000 2196.030000 0 
30 12 2009 2191.680000 2200.250000 2181.230000 2194.490000 0 
31 12 2009 2201.980000 2212.770000 2193.710000 2196.160000 0 
4 1 2010 2209.140000 2209.140000 2187.090000 2189.720000 0 
5 1 2010 2193.950000 2280.970000 2190.220000 2277.600000 0 
7 1 2010 2279.170000 2331.590000 2260.870000 2310.110000 0 
8 1 2010 2314.460000 2338.300000 2283.590000 2327.570000 0 
11 1 2010 2345.400000 2366.820000 2315.210000 2315.310000 0 
12 1 2010 2299.530000 2303.400000 2184.330000 2199.530000 0 
13 1 2010 2195.380000 2243.450000 2161.440000 2173.670000 0 
14 1 2010 2181.720000 2206.170000 2148.430000 2195.410000 0 
15 1 2010 2198.830000 2216.450000 2137.010000 2144.560000 0 
18 1 2010 2148.860000 2158.050000 2076.270000 2090.290000 0 
19 1 2010 2093.230000 2110.460000 2003.350000 2101.540000 0 
20 1 2010 2118.800000 2118.800000 2019.920000 2030.280000 0 
21 1 2010 2034.660000 2036.470000 1954.480000 2013.900000 0 
22 1 2010 1994.110000 2036.480000 1986.800000 2033.760000 0 
25 1 2010 2026.810000 2103.050000 2014.650000 2090.940000 0 
26 1 2010 2072.570000 2106.030000 2052.040000 2052.770000 0 
27 1 2010 2048.960000 2048.960000 1972.600000 1972.930000 0 
28 1 2010 1979.080000 2009.260000 1933.520000 1985.860000 0 
29 1 2010 1996.600000 2054.500000 1989.820000 2048.320000 0 
1 2 2010 2052.860000 2076.850000 2038.280000 2043.400000 0 
2 2 2010 2043.660000 2065.230000 2032.890000 2058.410000 0 
3 2 2010 2075.320000 2102.210000 2018.610000 2018.980000 0 
4 2 2010 2023.470000 2024.070000 1950.580000 1951.700000 0 
5 2 2010 1936.420000 1936.420000 1864.480000 1878.910000 0 
8 2 2010 1886.350000 1897.720000 1799.270000 1806.400000 0 
9 2 2010 1818.830000 1905.900000 1791.310000 1895.960000 0 
10 2 2010 1900.750000 1991.130000 1900.750000 1940.820000 0 
11 2 2010 1952.510000 1981.990000 1918.990000 1940.310000 0 
12 2 2010 1954.430000 1956.670000 1877.600000 1899.420000 0 
16 2 2010 1900.810000 1902.790000 1832.120000 1866.870000 0 
17 2 2010 1887.290000 1899.650000 1858.100000 1858.490000 0 
18 2 2010 1856.100000 1900.550000 1836.860000 1882.100000 0 
19 2 2010 1872.050000 1931.440000 1868.590000 1927.620000 0 
22 2 2010 1943.380000 1971.660000 1930.000000 1957.390000 0 
23 2 2010 1970.660000 1970.660000 1902.710000 1922.690000 0 
24 2 2010 1910.800000 1948.620000 1896.900000 1926.810000 0 
25 2 2010 1919.900000 1921.400000 1862.810000 1872.530000 0 
26 2 2010 1877.060000 1920.550000 1864.480000 1913.160000 0 
1 3 2010 1920.350000 1979.130000 1920.350000 1969.470000 0 
2 3 2010 1975.050000 2027.400000 1963.820000 2021.750000 0 
3 3 2010 2021.580000 2037.400000 1987.130000 2014.550000 0 
4 3 2010 2020.980000 2060.740000 2008.830000 2048.160000 0 
5 3 2010 2052.270000 2084.140000 2040.200000 2082.060000 0 
8 3 2010 2096.850000 2113.290000 2080.920000 2087.450000 0 
9 3 2010 2087.720000 2087.720000 2049.370000 2085.160000 0 
10 3 2010 2092.040000 2147.620000 2090.000000 2139.800000 0 
11 3 2010 2139.440000 2164.050000 2115.740000 2124.580000 0 
12 3 2010 2124.730000 2142.490000 2109.200000 2115.650000 0 
15 3 2010 2108.460000 2127.670000 2103.770000 2123.180000 0 
16 3 2010 2118.440000 2133.870000 2074.590000 2112.670000 0 
17 3 2010 2123.470000 2131.830000 2087.250000 2089.710000 0 
18 3 2010 2084.510000 2084.510000 2012.390000 2019.620000 0 
19 3 2010 2013.370000 2049.360000 1994.760000 2049.360000 0 
22 3 2010 2033.890000 2034.520000 1975.940000 2010.220000 0 
23 3 2010 2011.290000 2059.360000 2009.140000 2047.030000 0 
24 3 2010 2064.890000 2082.590000 2049.710000 2062.940000 0 
26 3 2010 2070.090000 2147.830000 2068.410000 2147.830000 0 
29 3 2010 2166.770000 2173.470000 2126.790000 2137.370000 0 
30 3 2010 2138.520000 2147.030000 2087.670000 2095.640000 0 
31 3 2010 2087.730000 2091.680000 2055.620000 2067.490000 0 
1 4 2010 2069.100000 2098.450000 2067.970000 2095.020000 0 
6 4 2010 2103.950000 2103.950000 2030.760000 2048.690000 0 
7 4 2010 2040.780000 2047.970000 1980.750000 1987.580000 0 
8 4 2010 1967.270000 1967.270000 1884.190000 1925.820000 0 
9 4 2010 1935.090000 1992.640000 1909.950000 1991.220000 0 
12 4 2010 1998.020000 2097.040000 1997.430000 2061.040000 0 
13 4 2010 2049.800000 2056.210000 2011.650000 2015.560000 0 
14 4 2010 2002.710000 2006.640000 1967.020000 1987.360000 0 
15 4 2010 1989.380000 2036.090000 1958.200000 2028.550000 0 
16 4 2010 2026.540000 2037.840000 1987.320000 1995.240000 0 
19 4 2010 1988.580000 1988.580000 1933.190000 1944.110000 0 
20 4 2010 1949.540000 1963.770000 1916.780000 1961.860000 0 
21 4 2010 1969.740000 1970.970000 1924.390000 1936.430000 0 
22 4 2010 1922.100000 1931.670000 1860.040000 1860.760000 0 
23 4 2010 1863.020000 1945.620000 1836.410000 1857.960000 0 
26 4 2010 1864.030000 1872.420000 1793.460000 1804.910000 0 
27 4 2010 1784.530000 1788.060000 1671.270000 1696.680000 0 
28 4 2010 1686.530000 1746.440000 1664.100000 1707.350000 0 
29 4 2010 1718.320000 1844.200000 1718.320000 1829.290000 0 
30 4 2010 1839.690000 1902.920000 1825.800000 1869.990000 0 
3 5 2010 1878.090000 1903.350000 1836.980000 1853.550000 0 
4 5 2010 1850.860000 1850.860000 1724.780000 1729.680000 0 
5 5 2010 1723.400000 1734.620000 1625.750000 1662.100000 0 
6 5 2010 1667.010000 1701.740000 1651.670000 1678.420000 0 
7 5 2010 1670.070000 1671.930000 1621.460000 1630.470000 0 
10 5 2010 1631.630000 1796.380000 1631.630000 1779.300000 0 
11 5 2010 1771.820000 1777.550000 1729.290000 1735.290000 0 
12 5 2010 1729.320000 1773.710000 1728.010000 1749.590000 0 
13 5 2010 1765.330000 1771.350000 1714.930000 1716.800000 0 
14 5 2010 1706.620000 1706.620000 1657.190000 1658.290000 0 
17 5 2010 1650.220000 1650.220000 1605.990000 1634.610000 0 
18 5 2010 1648.110000 1667.780000 1627.850000 1629.240000 0 
19 5 2010 1620.510000 1642.980000 1559.820000 1636.480000 0 
20 5 2010 1637.930000 1642.570000 1581.590000 1582.220000 0 
21 5 2010 1574.620000 1601.690000 1563.680000 1595.100000 0 
25 5 2010 1588.340000 1588.340000 1529.610000 1539.900000 0 
26 5 2010 1547.850000 1585.760000 1527.770000 1585.750000 0 
27 5 2010 1585.290000 1599.760000 1550.750000 1578.420000 0 
28 5 2010 1583.370000 1605.620000 1564.930000 1570.220000 0 
31 5 2010 1583.180000 1583.180000 1547.190000 1550.780000 0 
1 6 2010 1553.230000 1553.230000 1514.000000 1527.600000 0 
2 6 2010 1525.560000 1550.270000 1523.610000 1537.820000 0 
3 6 2010 1543.120000 1574.380000 1540.220000 1563.530000 0 
4 6 2010 1553.950000 1555.030000 1472.760000 1484.900000 0 
7 6 2010 1475.390000 1475.390000 1403.040000 1403.920000 0 
8 6 2010 1410.740000 1433.030000 1383.010000 1408.840000 0 
9 6 2010 1416.990000 1465.510000 1416.390000 1461.830000 0 
10 6 2010 1456.700000 1483.500000 1447.400000 1476.470000 0 
11 6 2010 1484.160000 1501.930000 1466.110000 1484.130000 0 
14 6 2010 1498.080000 1553.720000 1497.690000 1540.690000 0 
15 6 2010 1529.130000 1557.360000 1507.090000 1530.040000 0 
16 6 2010 1547.310000 1550.500000 1514.310000 1523.060000 0 
17 6 2010 1514.530000 1526.900000 1506.300000 1514.850000 0 
18 6 2010 1524.900000 1555.590000 1524.900000 1542.990000 0 
21 6 2010 1553.620000 1598.530000 1553.130000 1595.210000 0 
22 6 2010 1585.790000 1590.480000 1560.340000 1569.990000 0 
23 6 2010 1560.080000 1560.080000 1525.490000 1525.530000 0 
24 6 2010 1520.170000 1520.750000 1464.380000 1468.860000 0 
25 6 2010 1467.990000 1485.190000 1457.200000 1460.460000 0 
28 6 2010 1454.900000 1470.230000 1445.270000 1447.150000 0 
29 6 2010 1436.760000 1448.420000 1430.700000 1434.410000 0 
30 6 2010 1445.370000 1481.940000 1433.310000 1434.220000 0 
1 7 2010 1429.940000 1465.850000 1414.610000 1452.130000 0 
2 7 2010 1454.470000 1473.260000 1451.080000 1451.080000 0 
5 7 2010 1457.580000 1459.530000 1444.010000 1450.060000 0 
6 7 2010 1456.720000 1503.290000 1456.720000 1503.070000 0 
7 7 2010 1492.630000 1501.020000 1482.950000 1491.760000 0 
8 7 2010 1504.660000 1530.940000 1504.660000 1525.090000 0 
9 7 2010 1528.910000 1538.240000 1518.170000 1527.620000 0 
12 7 2010 1524.540000 1540.290000 1519.300000 1527.580000 0 
13 7 2010 1531.030000 1577.080000 1527.240000 1567.480000 0 
14 7 2010 1579.440000 1592.260000 1563.480000 1573.870000 0 
15 7 2010 1583.930000 1622.240000 1579.200000 1608.760000 0 
16 7 2010 1613.170000 1626.030000 1592.720000 1612.870000 0 
19 7 2010 1604.900000 1640.310000 1593.600000 1626.600000 0 
20 7 2010 1633.710000 1638.960000 1577.530000 1579.140000 0 
21 7 2010 1588.330000 1601.880000 1566.790000 1570.590000 0 
22 7 2010 1575.560000 1620.980000 1574.160000 1612.380000 0 
23 7 2010 1612.660000 1626.950000 1585.760000 1590.500000 0 
26 7 2010 1600.100000 1634.370000 1591.680000 1625.210000 0 
27 7 2010 1630.110000 1696.270000 1630.110000 1692.350000 0 
28 7 2010 1698.520000 1711.060000 1677.190000 1688.000000 0 
29 7 2010 1684.750000 1726.600000 1684.530000 1708.380000 0 
30 7 2010 1698.500000 1704.310000 1670.710000 1681.980000 0 
2 8 2010 1689.560000 1751.560000 1689.560000 1746.720000 0 
3 8 2010 1747.040000 1776.400000 1731.200000 1769.930000 0 
4 8 2010 1772.440000 1782.230000 1752.820000 1777.550000 0 
5 8 2010 1778.840000 1793.370000 1744.780000 1745.300000 0 
6 8 2010 1750.610000 1754.490000 1711.790000 1713.010000 0 
9 8 2010 1715.070000 1734.650000 1701.860000 1705.230000 0 
10 8 2010 1699.810000 1699.810000 1662.990000 1666.010000 0 
11 8 2010 1655.050000 1671.970000 1641.510000 1649.870000 0 
12 8 2010 1650.760000 1668.980000 1621.730000 1628.280000 0 
13 8 2010 1634.330000 1647.320000 1609.200000 1625.990000 0 
16 8 2010 1628.830000 1644.740000 1608.850000 1632.160000 0 
17 8 2010 1642.200000 1688.660000 1640.860000 1678.060000 0 
18 8 2010 1689.890000 1689.890000 1664.280000 1664.500000 0 
19 8 2010 1668.410000 1675.800000 1646.630000 1647.890000 0 
20 8 2010 1641.360000 1643.420000 1589.740000 1589.740000 0 
23 8 2010 1582.830000 1609.470000 1582.830000 1598.880000 0 
24 8 2010 1582.640000 1588.960000 1538.920000 1544.230000 0 
25 8 2010 1548.340000 1564.190000 1516.170000 1516.170000 0 
26 8 2010 1532.160000 1545.230000 1525.250000 1541.720000 0 
27 8 2010 1542.330000 1568.410000 1538.890000 1547.010000 0 
30 8 2010 1557.190000 1581.510000 1557.190000 1561.200000 0 
31 8 2010 1546.560000 1555.410000 1528.120000 1555.410000 0 
1 9 2010 1555.800000 1579.360000 1542.990000 1571.120000 0 
2 9 2010 1574.340000 1613.620000 1574.340000 1613.410000 0 
3 9 2010 1612.360000 1669.930000 1606.620000 1656.820000 0 
6 9 2010 1665.400000 1679.940000 1651.000000 1673.400000 0 
7 9 2010 1656.720000 1661.050000 1618.000000 1618.310000 0 
8 9 2010 1612.850000 1612.850000 1557.240000 1586.620000 0 
9 9 2010 1575.750000 1611.150000 1571.850000 1610.830000 0 
10 9 2010 1611.300000 1616.480000 1582.620000 1588.330000 0 
13 9 2010 1602.640000 1605.930000 1585.490000 1587.660000 0 
14 9 2010 1595.850000 1596.970000 1556.340000 1563.360000 0 
15 9 2010 1563.230000 1566.610000 1536.780000 1560.080000 0 
16 9 2010 1562.950000 1565.330000 1535.120000 1535.830000 0 
17 9 2010 1541.750000 1561.780000 1517.980000 1524.150000 0 
20 9 2010 1523.590000 1533.420000 1492.360000 1492.360000 0 
21 9 2010 1496.860000 1521.910000 1490.960000 1506.710000 0 
22 9 2010 1504.260000 1519.830000 1499.310000 1512.420000 0 
23 9 2010 1519.790000 1526.380000 1493.250000 1501.870000 0 
24 9 2010 1502.670000 1515.540000 1491.560000 1514.260000 0 
27 9 2010 1518.510000 1534.000000 1496.330000 1496.330000 0 
28 9 2010 1490.140000 1490.140000 1460.540000 1472.500000 0 
29 9 2010 1471.150000 1479.560000 1455.040000 1466.670000 0 
30 9 2010 1463.000000 1473.250000 1452.470000 1471.040000 0 
1 10 2010 1473.510000 1473.680000 1451.670000 1468.520000 0 
4 10 2010 1470.120000 1489.010000 1461.510000 1488.710000 0 
5 10 2010 1487.190000 1514.170000 1481.850000 1503.140000 0 
6 10 2010 1510.580000 1554.260000 1509.430000 1552.550000 0 
7 10 2010 1543.370000 1561.770000 1538.070000 1553.760000 0 
8 10 2010 1547.260000 1548.380000 1521.510000 1528.480000 0 
11 10 2010 1531.710000 1553.730000 1523.590000 1548.700000 0 
12 10 2010 1546.420000 1554.120000 1540.190000 1542.620000 0 
13 10 2010 1552.820000 1589.180000 1552.820000 1581.690000 0 
14 10 2010 1592.090000 1594.480000 1540.020000 1541.790000 0 
15 10 2010 1544.590000 1557.480000 1535.030000 1549.940000 0 
18 10 2010 1551.430000 1557.840000 1539.600000 1557.210000 0 
19 10 2010 1563.380000 1588.520000 1559.910000 1573.080000 0 
20 10 2010 1571.590000 1592.640000 1569.740000 1589.150000 0 
21 10 2010 1592.780000 1599.510000 1580.570000 1586.110000 0 
22 10 2010 1586.090000 1609.450000 1583.690000 1605.820000 0 
25 10 2010 1613.740000 1645.120000 1610.630000 1637.150000 0 
26 10 2010 1636.660000 1638.860000 1600.430000 1608.080000 0 
27 10 2010 1597.900000 1601.350000 1573.980000 1577.890000 0 
29 10 2010 1574.890000 1574.890000 1530.280000 1547.430000 0 
1 11 2010 1551.810000 1561.240000 1501.530000 1504.230000 0 
2 11 2010 1500.970000 1520.430000 1490.480000 1518.640000 0 
3 11 2010 1523.360000 1530.120000 1511.280000 1516.950000 0 
4 11 2010 1516.730000 1541.710000 1492.410000 1497.750000 0 
5 11 2010 1488.730000 1508.300000 1476.290000 1507.790000 0 
8 11 2010 1515.970000 1552.410000 1515.970000 1526.910000 0 
9 11 2010 1521.180000 1545.310000 1505.460000 1541.020000 0 
10 11 2010 1536.430000 1540.560000 1507.330000 1510.160000 0 
11 11 2010 1507.070000 1507.070000 1476.930000 1493.590000 0 
12 11 2010 1484.970000 1498.230000 1470.450000 1497.200000 0 
15 11 2010 1499.690000 1516.790000 1496.250000 1509.850000 0 
16 11 2010 1504.450000 1522.940000 1491.570000 1494.170000 0 
17 11 2010 1493.520000 1499.010000 1464.680000 1464.680000 0 
18 11 2010 1479.610000 1503.370000 1478.830000 1502.830000 0 
19 11 2010 1507.000000 1508.880000 1479.480000 1492.670000 0 
22 11 2010 1494.220000 1501.390000 1446.620000 1460.330000 0 
23 11 2010 1455.440000 1471.490000 1446.950000 1451.450000 0 
24 11 2010 1447.090000 1464.230000 1435.260000 1450.810000 0 
25 11 2010 1455.900000 1459.790000 1438.080000 1440.640000 0 
26 11 2010 1436.530000 1442.030000 1415.410000 1436.660000 0 
29 11 2010 1444.050000 1474.820000 1410.440000 1411.390000 0 
30 11 2010 1407.450000 1420.000000 1395.850000 1419.670000 0 
1 12 2010 1416.830000 1477.780000 1416.830000 1474.350000 0 
2 12 2010 1477.470000 1503.910000 1463.840000 1474.050000 0 
3 12 2010 1481.050000 1492.590000 1470.650000 1486.500000 0 
6 12 2010 1492.550000 1498.070000 1481.850000 1492.920000 0 
7 12 2010 1507.350000 1540.160000 1506.070000 1533.760000 0 
8 12 2010 1521.090000 1532.030000 1512.970000 1523.510000 0 
9 12 2010 1535.310000 1543.430000 1525.700000 1542.410000 0 
10 12 2010 1542.510000 1543.420000 1506.280000 1506.320000 0 
13 12 2010 1503.370000 1510.830000 1494.550000 1499.390000 0 
14 12 2010 1496.730000 1503.970000 1492.160000 1501.400000 0 
15 12 2010 1502.820000 1505.300000 1484.090000 1484.990000 0 
16 12 2010 1483.590000 1496.280000 1482.650000 1487.390000 0 
17 12 2010 1489.990000 1498.370000 1475.940000 1498.010000 0 
20 12 2010 1497.850000 1498.430000 1449.730000 1449.790000 0 
21 12 2010 1455.820000 1462.490000 1442.440000 1459.240000 0 
22 12 2010 1462.800000 1462.800000 1440.290000 1449.120000 0 
23 12 2010 1449.500000 1451.550000 1437.970000 1444.190000 0 
27 12 2010 1439.990000 1439.990000 1403.660000 1404.200000 0 
28 12 2010 1408.030000 1419.130000 1397.810000 1411.090000 0 
29 12 2010 1413.670000 1428.900000 1413.180000 1428.150000 0 
30 12 2010 1428.850000 1431.540000 1412.680000 1423.920000 0 
31 12 2010 1423.030000 1432.530000 1413.040000 1413.940000 0 
3 1 2011 1427.820000 1427.820000 1411.630000 1419.660000 0 
4 1 2011 1414.910000 1417.610000 1390.900000 1396.580000 0 
5 1 2011 1394.030000 1394.440000 1363.110000 1373.910000 0 
7 1 2011 1379.770000 1394.420000 1372.240000 1390.840000 0 
10 1 2011 1385.450000 1386.020000 1354.200000 1354.630000 0 
11 1 2011 1353.660000 1387.460000 1351.650000 1369.350000 0 
12 1 2011 1372.410000 1441.420000 1372.410000 1438.030000 0 
13 1 2011 1445.030000 1461.170000 1428.780000 1442.520000 0 
14 1 2011 1446.780000 1453.320000 1418.030000 1445.860000 0 
17 1 2011 1447.470000 1479.380000 1437.450000 1458.650000 0 
18 1 2011 1461.660000 1476.190000 1438.250000 1443.000000 0 
19 1 2011 1448.150000 1507.400000 1448.150000 1507.400000 0 
20 1 2011 1498.360000 1546.960000 1492.550000 1546.930000 0 
21 1 2011 1548.870000 1562.400000 1534.740000 1536.580000 0 
24 1 2011 1537.410000 1560.880000 1536.220000 1548.650000 0 
25 1 2011 1553.490000 1562.790000 1526.170000 1534.380000 0 
26 1 2011 1544.980000 1575.240000 1537.210000 1567.830000 0 
27 1 2011 1565.200000 1583.010000 1553.760000 1570.050000 0 
28 1 2011 1566.860000 1599.120000 1566.260000 1591.230000 0 
31 1 2011 1583.610000 1606.880000 1568.580000 1593.300000 0 
1 2 2011 1601.710000 1667.270000 1601.340000 1663.600000 0 
2 2 2011 1672.760000 1694.700000 1646.580000 1664.060000 0 
3 2 2011 1658.100000 1675.150000 1648.970000 1675.140000 0 
4 2 2011 1687.390000 1694.860000 1647.830000 1661.680000 0 
7 2 2011 1648.590000 1665.510000 1632.350000 1653.630000 0 
8 2 2011 1660.700000 1683.190000 1652.030000 1669.820000 0 
9 2 2011 1674.510000 1702.930000 1665.650000 1690.580000 0 
10 2 2011 1680.310000 1685.520000 1628.190000 1632.060000 0 
11 2 2011 1623.680000 1642.470000 1604.120000 1621.900000 0 
14 2 2011 1639.040000 1651.690000 1614.490000 1642.700000 0 
15 2 2011 1644.440000 1652.960000 1613.120000 1620.590000 0 
16 2 2011 1616.830000 1631.910000 1614.780000 1618.980000 0 
17 2 2011 1622.360000 1665.770000 1618.440000 1662.620000 0 
18 2 2011 1674.650000 1719.310000 1654.490000 1715.130000 0 
21 2 2011 1705.710000 1747.170000 1661.770000 1668.250000 0 
22 2 2011 1651.260000 1651.260000 1609.090000 1619.360000 0 
23 2 2011 1618.750000 1644.670000 1604.140000 1629.720000 0 
24 2 2011 1619.560000 1635.360000 1599.970000 1599.970000 0 
25 2 2011 1590.380000 1609.700000 1572.110000 1583.200000 0 
28 2 2011 1570.610000 1589.580000 1543.640000 1576.860000 0 
1 3 2011 1582.760000 1608.850000 1566.920000 1579.850000 0 
2 3 2011 1563.430000 1579.790000 1545.570000 1569.920000 0 
3 3 2011 1574.660000 1596.400000 1573.700000 1580.670000 0 
4 3 2011 1589.870000 1594.830000 1575.540000 1585.850000 0 
8 3 2011 1574.330000 1574.330000 1525.500000 1525.500000 0 
9 3 2011 1522.000000 1556.520000 1522.000000 1541.020000 0 
10 3 2011 1527.000000 1548.140000 1523.210000 1544.880000 0 
11 3 2011 1542.500000 1590.870000 1542.270000 1580.900000 0 
14 3 2011 1589.490000 1674.080000 1589.490000 1662.380000 0 
15 3 2011 1647.570000 1647.570000 1590.330000 1590.440000 0 
16 3 2011 1603.770000 1639.150000 1603.770000 1611.090000 0 
17 3 2011 1620.680000 1630.130000 1601.200000 1620.470000 0 
18 3 2011 1632.950000 1636.510000 1593.780000 1593.780000 0 
21 3 2011 1612.240000 1631.420000 1602.850000 1614.130000 0 
22 3 2011 1618.220000 1623.940000 1606.270000 1611.210000 0 
23 3 2011 1605.230000 1617.420000 1586.110000 1588.330000 0 
24 3 2011 1587.690000 1623.650000 1587.690000 1622.150000 0 
28 3 2011 1624.790000 1632.370000 1605.290000 1611.510000 0 
29 3 2011 1608.970000 1614.610000 1570.370000 1579.760000 0 
30 3 2011 1578.730000 1588.840000 1548.590000 1558.570000 0 
31 3 2011 1557.820000 1569.990000 1530.610000 1535.190000 0 
1 4 2011 1542.150000 1550.320000 1517.230000 1526.600000 0 
4 4 2011 1530.170000 1530.170000 1482.210000 1492.440000 0 
5 4 2011 1486.530000 1503.870000 1482.200000 1489.460000 0 
6 4 2011 1493.540000 1529.150000 1468.650000 1528.670000 0 
7 4 2011 1533.840000 1561.220000 1533.800000 1552.200000 0 
8 4 2011 1558.430000 1561.740000 1526.900000 1531.120000 0 
11 4 2011 1519.380000 1523.470000 1483.670000 1491.830000 0 
12 4 2011 1480.990000 1515.110000 1477.470000 1506.250000 0 
13 4 2011 1514.640000 1540.310000 1512.400000 1531.040000 0 
14 4 2011 1529.730000 1529.730000 1486.860000 1487.760000 0 
15 4 2011 1497.700000 1508.140000 1463.690000 1469.030000 0 
18 4 2011 1474.750000 1475.150000 1426.630000 1427.490000 0 
19 4 2011 1432.280000 1448.060000 1416.040000 1437.280000 0 
20 4 2011 1442.570000 1461.190000 1397.630000 1399.690000 0 
21 4 2011 1408.750000 1433.170000 1408.750000 1431.330000 0 
26 4 2011 1430.210000 1435.680000 1419.860000 1425.570000 0 
27 4 2011 1424.230000 1428.280000 1388.090000 1400.060000 0 
28 4 2011 1398.890000 1412.090000 1393.560000 1401.160000 0 
29 4 2011 1405.800000 1435.040000 1405.400000 1434.650000 0 
2 5 2011 1444.840000 1448.080000 1411.700000 1429.120000 0 
3 5 2011 1425.630000 1436.160000 1404.360000 1412.840000 0 
4 5 2011 1407.690000 1414.390000 1382.310000 1387.590000 0 
5 5 2011 1394.310000 1399.690000 1376.200000 1378.050000 0 
6 5 2011 1382.700000 1386.720000 1369.400000 1370.100000 0 
9 5 2011 1370.330000 1374.350000 1337.800000 1349.910000 0 
10 5 2011 1359.030000 1382.200000 1345.500000 1369.300000 0 
11 5 2011 1380.330000 1409.610000 1367.010000 1388.110000 0 
12 5 2011 1383.300000 1391.350000 1355.080000 1355.080000 0 
13 5 2011 1364.430000 1376.820000 1354.640000 1356.240000 0 
16 5 2011 1347.540000 1351.540000 1321.330000 1330.280000 0 
17 5 2011 1335.670000 1347.410000 1318.690000 1346.870000 0 
18 5 2011 1349.900000 1370.760000 1322.510000 1328.100000 0 
19 5 2011 1331.190000 1341.830000 1314.600000 1322.270000 0 
20 5 2011 1321.590000 1327.050000 1297.270000 1297.360000 0 
23 5 2011 1283.000000 1293.850000 1274.810000 1280.100000 0 
24 5 2011 1287.540000 1316.380000 1281.580000 1281.720000 0 
25 5 2011 1279.460000 1296.200000 1276.270000 1289.630000 0 
26 5 2011 1297.130000 1310.800000 1286.880000 1286.880000 0 
27 5 2011 1291.340000 1323.390000 1251.330000 1264.920000 0 
30 5 2011 1271.860000 1274.000000 1240.240000 1240.250000 0 
31 5 2011 1249.510000 1310.610000 1246.750000 1309.460000 0 
1 6 2011 1308.960000 1327.030000 1280.910000 1289.990000 0 
2 6 2011 1284.970000 1295.100000 1266.960000 1277.230000 0 
3 6 2011 1288.150000 1338.440000 1288.150000 1333.660000 0 
6 6 2011 1328.310000 1341.250000 1318.060000 1323.270000 0 
7 6 2011 1318.490000 1320.650000 1289.850000 1297.050000 0 
8 6 2011 1288.030000 1293.720000 1258.970000 1258.970000 0 
9 6 2011 1257.080000 1276.740000 1247.310000 1262.640000 0 
10 6 2011 1269.640000 1279.010000 1250.580000 1252.380000 0 
14 6 2011 1244.690000 1275.740000 1238.190000 1266.930000 0 
15 6 2011 1263.250000 1263.250000 1212.950000 1243.050000 0 
16 6 2011 1237.290000 1237.570000 1197.280000 1208.090000 0 
17 6 2011 1212.970000 1272.450000 1212.970000 1254.020000 0 
20 6 2011 1246.420000 1263.720000 1228.000000 1229.430000 0 
21 6 2011 1238.970000 1279.530000 1236.240000 1275.470000 0 
22 6 2011 1280.440000 1298.360000 1264.500000 1271.430000 0 
23 6 2011 1266.240000 1268.230000 1238.480000 1241.820000 0 
24 6 2011 1248.530000 1275.050000 1231.470000 1232.600000 0 
27 6 2011 1235.050000 1237.750000 1215.600000 1226.220000 0 
28 6 2011 1228.320000 1262.230000 1228.320000 1258.840000 0 
29 6 2011 1269.480000 1299.950000 1258.740000 1264.850000 0 
30 6 2011 1268.250000 1285.410000 1264.860000 1279.060000 0 
1 7 2011 1285.230000 1310.930000 1283.720000 1308.480000 0 
4 7 2011 1314.890000 1318.670000 1294.790000 1306.450000 0 
5 7 2011 1299.210000 1309.020000 1286.110000 1288.320000 0 
6 7 2011 1280.260000 1285.770000 1259.300000 1265.780000 0 
7 7 2011 1269.100000 1269.100000 1244.900000 1264.230000 0 
8 7 2011 1265.090000 1265.090000 1244.920000 1251.100000 0 
11 7 2011 1241.370000 1241.370000 1208.410000 1218.880000 0 
12 7 2011 1211.560000 1216.510000 1166.040000 1216.510000 0 
13 7 2011 1216.040000 1216.210000 1184.790000 1190.300000 0 
14 7 2011 1192.660000 1195.430000 1172.410000 1188.190000 0 
15 7 2011 1192.030000 1198.240000 1176.440000 1176.880000 0 
18 7 2011 1179.780000 1193.170000 1167.570000 1171.700000 0 
19 7 2011 1182.150000 1192.340000 1172.860000 1187.740000 0 
20 7 2011 1189.970000 1192.600000 1180.040000 1184.350000 0 
21 7 2011 1186.930000 1220.280000 1183.050000 1214.420000 0 
22 7 2011 1218.030000 1286.250000 1217.870000 1286.150000 0 
25 7 2011 1283.160000 1293.160000 1267.640000 1269.040000 0 
26 7 2011 1267.370000 1273.820000 1231.160000 1233.220000 0 
27 7 2011 1227.360000 1240.200000 1218.110000 1226.920000 0 
28 7 2011 1219.270000 1226.940000 1207.890000 1209.550000 0 
29 7 2011 1210.300000 1219.870000 1203.960000 1204.150000 0 
1 8 2011 1202.540000 1224.910000 1181.970000 1182.760000 0 
2 8 2011 1173.560000 1188.150000 1144.280000 1144.290000 0 
3 8 2011 1136.490000 1136.490000 1100.610000 1101.310000 0 
4 8 2011 1103.630000 1116.970000 1081.710000 1086.430000 0 
5 8 2011 1083.590000 1083.590000 1038.740000 1062.000000 0 
8 8 2011 1056.850000 1066.030000 997.620000 998.240000 0 
9 8 2011 1004.820000 1014.080000 951.520000 1000.130000 0 
10 8 2011 1000.510000 1025.930000 973.560000 982.110000 0 
11 8 2011 980.590000 991.220000 958.160000 976.170000 0 
12 8 2011 977.700000 998.600000 976.890000 991.140000 0 
16 8 2011 991.560000 1012.520000 987.790000 1012.520000 0 
17 8 2011 1005.930000 1019.830000 996.210000 1010.760000 0 
18 8 2011 1006.740000 1006.740000 972.080000 976.620000 0 
19 8 2011 968.970000 968.970000 948.760000 961.960000 0 
22 8 2011 964.940000 974.500000 940.690000 940.720000 0 
23 8 2011 945.610000 952.120000 901.680000 911.070000 0 
24 8 2011 915.250000 918.310000 881.630000 892.960000 0 
25 8 2011 895.140000 899.880000 877.180000 889.170000 0 
26 8 2011 884.760000 887.530000 866.610000 880.080000 0 
29 8 2011 882.300000 1023.370000 882.300000 1006.590000 0 
30 8 2011 1008.280000 1032.620000 956.190000 958.120000 0 
31 8 2011 955.320000 955.320000 904.750000 915.980000 0 
1 9 2011 910.370000 940.950000 884.660000 928.860000 0 
2 9 2011 923.880000 923.880000 888.570000 891.930000 0 
5 9 2011 887.350000 887.350000 862.940000 863.900000 0 
6 9 2011 866.720000 883.670000 854.780000 860.740000 0 
7 9 2011 867.050000 932.170000 866.910000 929.450000 0 
8 9 2011 927.860000 928.550000 885.420000 886.770000 0 
9 9 2011 885.040000 921.800000 871.160000 886.730000 0 
12 9 2011 884.560000 885.700000 845.060000 847.480000 0 
13 9 2011 853.910000 862.940000 835.460000 843.120000 0 
14 9 2011 849.980000 868.630000 849.790000 857.180000 0 
15 9 2011 862.630000 875.640000 847.700000 848.400000 0 
16 9 2011 853.480000 868.590000 844.550000 864.940000 0 
19 9 2011 863.680000 863.680000 833.540000 850.220000 0 
20 9 2011 853.470000 863.060000 842.800000 844.190000 0 
21 9 2011 846.390000 858.890000 844.100000 855.990000 0 
22 9 2011 851.870000 851.870000 827.050000 830.070000 0 
23 9 2011 825.340000 826.780000 790.260000 797.950000 0 
26 9 2011 794.080000 806.420000 777.710000 784.650000 0 
27 9 2011 790.650000 799.030000 781.760000 791.190000 0 
28 9 2011 795.920000 809.940000 779.200000 809.940000 0 
29 9 2011 802.240000 808.990000 794.760000 802.570000 0 
30 9 2011 797.600000 802.400000 785.450000 798.420000 0 
3 10 2011 794.150000 794.660000 773.520000 779.290000 0 
4 10 2011 777.850000 778.310000 723.370000 730.330000 0 
5 10 2011 731.150000 749.100000 730.290000 735.510000 0 
6 10 2011 738.110000 760.800000 736.210000 739.970000 0 
7 10 2011 740.470000 755.890000 734.340000 744.370000 0 
10 10 2011 746.330000 746.380000 701.310000 740.060000 0 
11 10 2011 744.940000 746.880000 719.630000 725.450000 0 
12 10 2011 727.910000 766.000000 723.530000 759.890000 0 
13 10 2011 767.100000 778.500000 753.250000 772.360000 0 
14 10 2011 768.130000 784.210000 759.260000 775.590000 0 
17 10 2011 775.760000 776.670000 747.140000 752.590000 0 
18 10 2011 745.630000 745.640000 735.070000 738.080000 0 
19 10 2011 742.540000 756.890000 733.620000 740.930000 0 
20 10 2011 734.870000 750.560000 729.170000 742.760000 0 
21 10 2011 746.780000 785.070000 746.520000 782.360000 0 
24 10 2011 781.110000 781.110000 734.930000 747.080000 0 
25 10 2011 743.460000 773.410000 742.970000 756.050000 0 
26 10 2011 751.970000 779.190000 747.840000 773.810000 0 
27 10 2011 778.820000 826.370000 778.820000 811.110000 0 
31 10 2011 807.560000 815.150000 794.210000 808.580000 0 
 
